Mixture	Myeloid_cell	T_cell	pDC	Fibroblast	Endothelial_cell	B_cell	Cancer_cell	Mast_cell	P-value	Correlation	RMSE
BCRF1_3&EN_11770_354_EN_E_S1_R1_001	0.00702834968662698	0	0	0	0.00774446362558292	0	0.985173601013211	5.35856745787595e-05	0	0.69584273576276	0.739097294403633
BCRF1_3&EN_11772_354_IDC_E_S3_R1_001	0.070884885168602	0	0	0.0368725117521727	0.0312423297137862	0	0.861000273365439	0	0	0.534768725417833	0.847440696912709
BCRF1_3&EN_11774_354_RS1_E_center_S5_R1_001	0.0224006602410952	0	0	0.158472450822603	0.0161593573740623	0.00026891483130652	0.802664167891093	3.44488398400754e-05	0	0.688459329256336	0.741794986045921
BCRF1_3&EN_11776_354_RS1_E_peripheral_S7_R1_001	0.00140567942980036	0	0	0	0.00994835190877181	0	0.9886385304286	7.43823282837793e-06	0	0.698436434640394	0.736856975646961
BCRF1_3&EN_11778_354_RS2_E_center_S9_R1_001	0.00386832942708763	0	0	0	0.0243803442077616	0.000217420159765484	0.971430851190442	0.000103055014943391	0	0.705201750139742	0.733910012037439
BCRF1_3&EN_11780_354_RS2_E_peripheral_S11_R1_001	0.00831641118683879	0	0	0	0.0139036463971423	0.000182796891575091	0.977518112533238	7.90329912061803e-05	0	0.710684979333155	0.729317593373183
BCRF1_3&EN_11782_354_NL_E_S13_R1_001	0.0143994846573384	0	0.000625303684236028	0	0.0198412371918	0.000344758276255074	0.964677453967508	0.000111762222862395	0	0.7536040411947	0.699788111169452
BCRF1_3&EN_11784_355_RS1_E_center_S15_R1_001	0.0107219576026908	0	0	0.0200482123539798	0.0189767671804829	6.6951571352897e-06	0.950030212406291	0.000216155299420195	0	0.667750296465654	0.760906975586451
BCRF1_3&EN_11786_355_RS1_E_peripheral_S17_R1_001	0.00758691011885348	0	0	0	0.0080851026580274	0	0.984245853393479	8.21338296402354e-05	0	0.697518640812073	0.737999505996813
BCRF1_3&EN_11789_355_RS2_E_center_S20_R1_001	0.00414658672178115	0	0	0.055740654999117	0.0214658329565401	0	0.918585993105269	6.0932217292747e-05	0	0.666998010073595	0.761366625417376
BCRF1_3&EN_11791_355_RS2_E_peripheral_S22_R1_001	0.0033831296920344	0	0	0	0.0212498328848044	4.19417131447857e-05	0.975258798259874	6.62974501420034e-05	0	0.724124439334648	0.719852471697262
BCRF1_3&EN_11794_355_NL_E_S25_R1_001	0.00947749585450432	0	0	4.89882563354106e-06	0.0100542176114389	0.000241667565770675	0.980146971477262	7.47486653906244e-05	0	0.717970979569784	0.723746381614137
BCRF1_3&EN_11796_355_RS3_E_center_S27_R1_001	0.0269512182797593	0	0	0.00451715114299434	0.028184124925427	0.000363182275644355	0.93978318516868	0.000201138207495168	0	0.747968358508998	0.707369311689347
BCRF1_3&EN_11798_355_RS3_E_peripheral_S29_R1_001	0.0256022643566952	0	0	0	0.0212992989860016	0.000303549966896805	0.952680333068563	0.000114553621843648	0	0.79933188450963	0.667416978336408
BCRF1_3&EN_11800_356_NL_E_S31_R1_001	0.00795418040173662	0	0	0.00424550931597962	0.00865634230150891	0.000309184765370249	0.978795876338318	3.89068770861628e-05	0	0.723211754652032	0.719833271195535
BCRF1_3&EN_11802_356_RS1_E_center_S32_R1_001	0.0228114580095158	0	0	0.0326776498011402	0.00759731842222794	0.000278743126964764	0.936517106543263	0.00011772409688862	0	0.737868553966134	0.712401307666188
BCRF1_3&EN_11804_356_RS1_E_peripheral_S34_R1_001	0.0112474550856181	0	0.000406143250136414	0	0.0250928742959845	0.000318692167327697	0.962845754854002	8.90803469311924e-05	0	0.7391291007739	0.71065827559495
BCRF1_3&EN_11806_357_NL_E_S50_R1_001	0.00177243026372998	8.33837455704276e-05	0	0	0.00298680727611643	0.0010167782041215	0.993871360123661	0.000269240386800347	0	0.67181502482101	0.755311968261731
BCRF1_3&EN_11808_357_RS1_E_center_S32_R1_001	0.00644702623089207	0.000275615556342916	0.000451505113202691	0.125391055925489	0.00719768528508362	0.00097015135978466	0.859038187940272	0.000228772588933212	0	0.661689734986365	0.761733755243992
BCRF1_3&EN_11810_357_RS1_E_peripheral_S5_R1_001	6.90650353553901e-05	1.19521124739824e-05	0.000157349611542734	0	0.00186320952357104	0.000658060054245942	0.997226652635705	1.37110271063577e-05	0	0.764027223129834	0.686773899242849
BCRF1_3&EN_11813_358_NL_E_S36_R1_001	0.0151334393868623	0.000744378559380881	0	0.00591665018152166	0.0271136358150202	0	0.949885833847247	0.00120606220996816	0	0.848735768241494	0.628347339583509
BCRF1_3&EN_11815_358_EN_E_S38_R1_001	0.01187762701022	0	0	0.00874672220901331	0.0180018043965144	0	0.961311687579307	6.21588049457103e-05	0	0.763394858342769	0.692295345027801
BCRF1_3&EN_11817_358_RS1_E_center_S40_R1_001	0.0136397699855768	0	0	0.0191927880700805	0.0214299544646003	0.000432645860012942	0.94521798652497	8.68550947589624e-05	0	0.763557651166456	0.693770076608488
BCRF1_3&EN_11819_358_RS1_E_peripheral_S42_R1_001	0.00657794691390337	0	0.000252603118496309	0.0423789603552748	0.0385261946349229	0.00029599056287686	0.911874877228267	9.3427186258786e-05	0	0.773508389174155	0.688828244386311
BCRF1_3&EN_11821_358_IBC_E_S44_R1_001	0.0111415233784665	0.00050650134462637	0	0.0576597071898482	0.00272483459570128	0.000353079842962444	0.927614353648395	0	0	0.714634000583008	0.727190427746187
BCRF1_3&EN_11823_358_RS2_E_center_S46_R1_001	0.0140623741346584	0	0	0.24293752266198	0.0887959616445563	0.000292736794692204	0.653899461713421	1.19430506923803e-05	0	0.693801572403799	0.730071888264689
BCRF1_3&EN_11825_358_RS2_E_peripheral_S48_R1_001	0.018310554882255	0	0	0	0.0149200275956767	9.42728940676529e-05	0.966618982649013	5.61619789879186e-05	0	0.750769477255472	0.701579841924418
BCRF1_3&EN_11827_359_RS1_E_center_S50_R1_001	0	0	0	0.000452749645073876	0.00768107361608694	0	0.991866176738839	0	0	0.776332615230685	0.677993498936514
BCRF1_3&EN_11829_359_RS1_E_peripheral_S52_R1_001	0.0338026563048037	0	0.00127544087942987	0.0529945194048874	0.0683378747933096	0.000707119938120004	0.842601216902457	0.000281171776992767	0	0.676679727128982	0.762683538443846
BCRF1_3&EN_11831_359_NL_E_S54_R1_001	0.0306095969257672	0	0	0.0118057982155051	0.0166160545900981	0	0.940968550268629	0	0	0.501690572611235	0.866177589077082
BCRF1_3&EN_11833_359_RS2_E_center_S55_R1_001	0.00554240797278059	0	0	0.0211547983442961	0.0103143310061102	0.000353882410917394	0.962495155262258	0.000139425003638039	0	0.719317266396539	0.723419442599933
BCRF1_3&EN_11835_359_RS2_E_peripheral_S57_R1_001	0.0181508981391055	0	0.000217132413419082	0.00993838002805685	0.0286361097640844	0.00043101929138648	0.942546742504111	7.97178598371354e-05	0	0.782307383977071	0.681256204593558
BCRF1_3&EN_11837_359_IDC_E_S59_R1_001	0.0411717049797255	0.00158415054084881	0.00208642238333439	0.106121619438536	0.0101656842594731	0.000498173245964785	0.8379423655229	0.000429879629217217	0	0.801531870333538	0.667021900594526
BCRF1_3&EN_11838_360_RS1_E_center_S4_R1_001	0	0.00068583273225823	0	0.00745785386174402	0.000972021548828089	0.000134670373431797	0.990644700766122	0.00010492071761558	0	0.748472624278614	0.699157611689385
BCRF1_3&EN_11840_360_RS1_E_peripheral_S8_R1_001	0.000910111913782914	0	0	0	0.00113123714533616	0.00027669542888445	0.997593492060855	8.84634511416194e-05	0	0.773431572656548	0.679362974023089
BCRF1_3&EN_11842_360_NL_E_S3_R1_001	0.00460503983539883	0.000406481062141521	0.000930247407044494	0.0182566523866066	0.00629808193477491	0.00111984013886227	0.968182184748844	0.000201472486327878	0	0.669527052493328	0.758221537792404
BCRF1_3&EN_11844_361_RS1_E_center_S34_R1_001	0.00580097271782835	0.00115678329293203	0.00100013411831531	0	0.00828440157646338	0.00294388683900205	0.980211990945886	0.000601830509573174	0	0.694465777498521	0.740664354737932
BCRF1_3&EN_11846_361_RS1_E_peripheral_S7_R1_001	0.00813962190068318	0	0	0	0.00438765397499041	0.000950905794126368	0.986220837342681	0.000300980987519501	0	0.666522524977266	0.759670255086738
BCRF1_3&EN_11848_361_RS2_E_center_S18_R1_001	0.00390640468429996	0.00101378309420542	0	0.179267119419258	0.00300083721172277	2.96925180761195e-05	0.812599705605892	0.000182457466546296	0	0.71795552410162	0.714719263075191
BCRF1_3&EN_11850_361_RS2_E_peripheral_S10_R1_001	0.000446408595634674	0	0.000170823969434891	0	0.00260090655061777	0	0.996650969059931	0.000130891824381618	0	0.68196298044438	0.747862759956989
BCRF1_3&EN_11852_361_RS4_E_center_S9_R1_001	0.00212521484551095	0.000557565678819307	3.68491050556771e-05	0.0382303351486661	0.00294527804092348	0.000834447135878286	0.95507933864878	0.000190971396366179	0	0.671112049542394	0.756897126463259
BCRF1_3&EN_11854_361_RS4_E_peripheral_S11_R1_001	0.00494984719571041	0	0	0.00298151747608961	0.00594719020585842	0.000655604179576346	0.985358635976495	0.000107204966270109	0	0.710355337250154	0.728473127976937
BCRF1_3&EN_11856_361_RS3_E_center_S21_R1_001	0.00601895754042603	0.000305908326410679	0.000455800322377983	0.0156849406272419	0.00288871577727556	0.000994184731210429	0.973470614232037	0.000180878443020665	0	0.673783990844758	0.754947618345645
BCRF1_3&EN_11858_361_RS3_E_peripheral_S13_R1_001	0.00243102922636517	0.000321171603995354	0	0	0.00246228998782541	0.000380759714934743	0.99429570564267	0.000109043824208923	0	0.680767801673828	0.748940236538855
BCRF1_3&EN_11860_361_NL_E_S49_R1_001	7.18508105011677e-05	0.000603599733949699	0.00042289393173417	0.0191182061595712	0.00334756400977567	0.000795670405795339	0.975503245739605	0.000136969209068156	0	0.693916012818505	0.740330540679281
BCRF1_3&EN_11862_362_RS1_E_center_S55_R1_001	0.0016920551274328	0.000473533135025602	0.00065319459271271	0.21001486508459	0.00372300959431445	0.00122593912628816	0.782051091024239	0.000166312315396553	0	0.598374745476567	0.801744184914346
BCRF1_3&EN_11864_362_RS1_E_peripheral_S39_R1_001	0.00520320238891684	0	0	0	0.00278127060223543	0.000762937820481392	0.991252589188366	0	0	0.60663990218711	0.800001037194017
BCRF1_3&EN_11867_363_RS1_E_center_S15_R1_001	0.0254766325435186	0	0	0.0865225404274613	0.00257519252328414	0.000556276255233344	0.884715918663363	0.000153439587139847	0	0.683276241609114	0.74998946373741
BCRF1_3&EN_11869_363_RS1_E_peripheral_S14_R1_001	0.000799903581672625	5.65859854293018e-05	0	0	0.00300134055489099	0.000386197435250651	0.995632903621731	0.000123068821025193	0	0.708247922739781	0.728996186153774
BCRF1_3&EN_11871_363_NL_E_S47_R1_001	0.0118141618302202	0	0.00487377140841266	0.0220077130131244	0.0227251375723519	0.00313283924787807	0.932234911712618	0.00321146521539471	0	0.592020533096349	0.811413534595227
BCRF1_3&EN_11873_363_IDC_E_S30_R1_001	0.013331398350835	9.33324660677923e-05	0	0.492389167684133	0.00247283678941176	0.00104461888448425	0.490618071689839	5.05741352288698e-05	0	0.822131063652266	0.57088570024488
BCRF1_3&EN_11874_364_RS1_E_center_S38_R1_001	0.00419777283917115	0.000639097538727581	0.0016322732926263	0.018003350382622	0.00702426886593506	0.00219383026722801	0.965830065806256	0.000479341007434234	0	0.652965148338398	0.769795031681153
BCRF1_3&EN_11876_364_RS1_E_peripheral_S16_R1_001	0.000534683501118332	0	0	0	0.00337127272750409	0.000833017430860305	0.99506843691534	0.000192589425177788	0	0.703531383182538	0.732499937773535
BCRF1_3&EN_11878_364_NL_E_S19_R1_001	0.0150782666245261	0.0010000127989961	0.00268715294381304	0.00270677047339326	0.0298495182443981	0.00733706744411837	0.940851759670365	0.000489451800389921	0	0.620241606407766	0.793769394029459
BCRF1_3&EN_11880_364_RS2_E_center_S12_R1_001	0.00646463715799063	0.00723973033347578	0	0.0850465000181718	0.011403647396863	0.0011878168293221	0.88499260830165	0.00366505996252655	0	0.799272893602577	0.666038731991254
BCRF1_3&EN_11882_364_RS2_E_peripheral_S6_R1_001	0.000237872905198914	0	0.000214543891945688	0	0.00240425576166397	0.000584866199075429	0.9964759147332	8.25465089161036e-05	0	0.696745467182142	0.73726994439344
BCRF1_3&EN_11885_364_NL_E_S22_R1_001	0.0690661513508521	0.0031684839906511	0.00733419429147283	0.0113464890500187	0.0385335024932794	0.00366396702343569	0.861326974547593	0.00556023725269775	0	0.614951332177008	0.802164808672024
BCRF1_3&EN_13813_552_IBC_Ep_1	0.0387369427983498	4.49748136221802e-05	0.00105708613126093	0.0842426514502306	0.0201792166663567	0.00168805120204322	0.852852127315252	0.00119894962288429	0	0.466842016690604	0.885584784431923
BCRF1_3&EN_13815_552_EN_Ep_1	0.000290570294680472	4.52519287581685e-05	0.000702732522942824	0.000102169157351889	0.0349472029401404	0	0.963813439328279	9.86338278474318e-05	0	0.767458495340902	0.689466413314802
BCRF1_3&EN_13819_552_NL_Ep	0.0727735261410793	0.00897178506103758	0	0.0694881856648921	0.0639335501265196	0.000984314809078137	0.783118682986577	0.000729955210816777	0	0.683684029217569	0.762860794382348
BCRF1_3&EN_13821_551_IBC_Ep_2	0.00270734064857471	0.00136655262284486	0.000922639275269597	0.0357509227733381	0.00385141776395253	0.000537956913142575	0.954475430573397	0.000387739429480882	0	0.506416379881855	0.863507320115375
BCRF1_3&EN_13823_551_AM_Ep	0.0343096117708553	0	0	0.00234091404129239	0.0176598707770052	0.000352299458923896	0.945129572893597	0.000207731058326643	0	0.755717728295605	0.701106183922763
BCRF1_3&EN_13825_551_UDH_Ep	0.0014867691690841	0	0.00037912303832316	0	0.00593914437034079	0.000301762022014975	0.991834635383193	5.85660170438595e-05	0	0.694685615923561	0.739231685762528
BCRF1_3&EN_13826_551_NL_Ep	0.037146792449066	0	0.00328764012115564	0.0723090427856594	0.0586856896354343	0.000646163907630995	0.827591974227558	0.000332696873495086	0	0.686174835837277	0.755833401044401
BCRF1_3&EN_13828_551_DCIS_Ep	0.000929826505434448	0	0.000964559765301773	0.0170488201032841	0.00649404366834908	0.000391718065696327	0.974034959888356	0.000136072003578425	0	0.552444778560242	0.835166968441229
BCRF1_3&EN_13830_550_ADH_Ep_1	0.0259436976208901	0	0	0.0391858652858654	0.0537952398735649	0.000322702498126686	0.880752494721553	0	0	0.423708894826375	0.909109427847697
BCRF1_3&EN_13832_550_IBC_Ep_1	0.0525891703435761	0.000566243975844342	0.000217405260859041	0.0670689187804876	0.0355158480423032	0.000394762779216763	0.843562065350889	8.55854668243584e-05	0	0.439380271788864	0.900210719940087
BCRF1_3&EN_13834_550_AM_Ep_2	0.000832241244850259	0.000622009261601555	0.000574725333310588	0.0136043040009651	0.0156853017456855	0.000657911731877192	0.967799950588257	0.000223556093453223	0	0.412157319169701	0.918889129484456
BCRF1_3&EN_13836_550_DCIS_Ep_1	0.000690331492798174	0.000316246920416368	0.000113390690942468	0.00167131214572719	0.00151451187211272	0.000390691887720087	0.995303514990283	0	0	0.469629305015972	0.886399969373805
BCRF1_3&EN_13838_550_CCC_Ep	0.0034228124402867	0	0.000319798466347922	0.00191166421847584	0.00956772737028099	0.000289603744628685	0.984391034867684	9.73588922960111e-05	0	0.807823823122066	0.654244994781476
BCRF1_3&EN_13840_549_DCIS_Ep	0.00460196622242745	0	0	0.00599352037686657	0.00302603363223384	0.000394140416819572	0.985907556768153	7.67825834998369e-05	0	0.634410083860098	0.781485234774783
BCRF1_3&EN_13842_549_IBC_Ep	0.0211713453405406	0	0	0.116480885774595	0.00967605235941306	0.00048453361894156	0.85218718290651	0	0	0.62897459809729	0.785461240412036
BCRF1_3&EN_13844_549_IN_Ep	0.0284719209466696	9.86981776620851e-05	0	0.0316167702966145	0.00160933285575676	0.000781872133269489	0.936843597072853	0.000577808517174436	0	0.772360119330639	0.687185976135912
BCRF1_3&EN_13846_550_IBC_Ep_2	0.0132554124781608	0.00105022271117839	0.000201610745065657	0.16934645695454	0.002103732025653	0.00071256166176047	0.813114739809761	0.000215263613880742	0	0.467822123698337	0.887804942576392
BCRF1_3&EN_13848_550_DCIS_Ep_2	0.0141389278903259	0	0.000148629540150697	0.0953366891139812	0.00208602871459748	0.000542578622792706	0.887747146118152	0	0	0.415075750420557	0.916731234192084
BCRF1_3&EN_13850_549_IP_Ep	0.0370601517850229	0.000473705930048117	0.000625895079188767	0	0.00821001989787511	0.000509525052745357	0.952973315970183	0.000147386284936929	0	0.704540380333486	0.736562684363059
BCRF1_3&EN_13852_549_MC_Ep	0.00748775526638729	0	0.000509656963595744	0	0.00200996887436074	0.000417389708562979	0.989397836849204	0.000177392337889135	0	0.743584646872004	0.703605090503262
BCRF1_3&EN_13854_549_NL_Ep	0.0374112473164039	0.00742145778823159	0.00299314244586454	0.056513353421944	0.0831221632699113	0.000722304871347151	0.811391813200247	0.000424517686050951	0	0.67499539531565	0.766797314003684
BCRF1_3&EN_13856_549_AM_Ep	0	0	0.00486083710106885	0	0.0228569454320546	0.000486909577057992	0.971531781521735	0.000263526368083893	0	0.515621002751792	0.858073265529101
BCRF1_3&EN_13858_548_DCIS_Ep	0.0577069553550548	0	0.00101255355815445	0.064836157147158	0.0145781601001185	0.000937974383679551	0.860155944000595	0.000772255455239121	0	0.704806758654484	0.74111063723862
BCRF1_3&EN_13860_548_IBC_Ep	0.0227806434149968	0	0	0.102167806781018	0.00177030025629542	0.000628503384793694	0.872152452920351	0.000500293242544851	0	0.729014029021973	0.716529607814976
BCRF1_3&EN_13862_547_NL_Ep	0.0145373831701431	0	0	0.0537616872711079	0.0793531767298682	0.000398792588998266	0.851948960239883	0	0	0.683279208837416	0.757148049985042
BCRF1_3&EN_13864_547_CCC_Ep_1	0.0014076323127795	0	0.00015813260921628	0.0853928934850905	0.0467468206751772	0.000233505845650946	0.866061015072085	0	0	0.767239534484964	0.692570239758011
BCRF1_3&EN_13866_547_CCH_Ep_1	0.00664489968668782	0	0.000104908971961702	0.0235523105564695	0.0281029180275493	0.00026544340137179	0.941233891359737	9.56279962230855e-05	0	0.811608956490521	0.657366866254609
BCRF1_3&EN_13868_547_IBC_Ep_1	0	0	0	0.126064055944913	0.00389643837343493	0	0.870039505681652	0	0	0.716231325836584	0.721381488619889
BCRF1_3&EN_13870_547_DCIS_Ep	0	0	0	0.0560969953174325	0.00812966321297331	0	0.935773341469594	0	0	0.727478540758592	0.717018389929137
BCRF1_3&EN_13872_547_CCC_Ep_2	0.0456681422028228	0	0	0.0425253093032966	0.0433264166721232	0.000234761187227198	0.868203717441813	4.16531927175317e-05	0	0.723771863632711	0.730463266763878
BCRF1_3&EN_13876_547_CCC_Ep_3	0.0309539744807461	0	0	0.0661756482315939	0.0220144994782381	0.000353429354564661	0.880256344521062	0.000246103933795662	0	0.747805343881834	0.708662446473285
BCRF1_3&EN_13878_547_IBC_Ep_2	0.0573910826654958	0.00222919896791048	0	0.17304726895001	0.0280386549642313	0.000952442261849209	0.737149236925138	0.00119211526536512	0	0.731802887929576	0.712983630465572
BCRF1_3&EN_13880_547_NL_Ep	0.0522898411311307	0.00300572925286363	0.00321235856835293	0.0244596923257766	0.046233051309222	0.000660423182989439	0.86970249712489	0.00043640710477496	0	0.742930623884479	0.719878831395486
BCRF1_3&EN_13882_546_NL_Ep	0.0219927433972212	0	0.00140384421552718	0.0420877524402812	0.0396823243309845	0.000563533827178892	0.893726003580758	0.000543798208049433	0	0.768406968633465	0.695840304233954
BCRF1_3&EN_13884_546_ALH_Ep	0.000752841205350888	0	0.000711096390623997	0.00383815942658674	0.0268873319844956	0.00027142120503846	0.967428884076093	0.000110265711811767	0	0.775263348309784	0.682684129669267
BCRF1_3&EN_13886_546_IBC_Ep	0.218066839593982	0.0322812795323699	0.00208002587669789	0.0695310763530294	0.0142635102740731	0.00136018770186041	0.661201692193758	0.00121538847422965	0	0.717589335370745	0.753394764938843
BCRF1_3&EN_13888_546_LIN_Ep	0.0580049325257227	0.000159018384987637	0.000463163123451141	0.0492677330934628	0.00421444649510271	0.000420158978352998	0.887396967758311	7.35796406091945e-05	0	0.764840826789523	0.698237875274389
BCRF1_3&EN_13890_546_CCH_Ep	0.00343166289027991	0	0.000329682377892179	0	0.00887131007013747	0.000295879959354597	0.987071464702336	0	0	0.757483370797053	0.693394747946995
BCRF1_3&EN_13892_546_HIN_Ep	0.187128970175406	0.0282172848391791	0.00158597595360478	0.0844688551649712	0.044096182771496	0.00281223081368719	0.648758654050236	0.00293184623142009	0	0.501994345809794	0.868165549020411
BCRF1_3&EN_13894_546_MIN_Ep	0.0580616447512874	0.0110562830769409	0.0160773494670872	0.0426816466667188	0.0234706755815769	0.000648668820037459	0.847670839934358	0.000332891701993778	0	0.766324998689026	0.705970227621386
BCRF1_3&EN_13896_545_CCC_Ep_1	0.00229710368346514	7.32838938274912e-05	0.000161842751456616	0	0.00406664397750738	0.000262338671375269	0.993069155244084	6.96317782840819e-05	0	0.78573022917953	0.670443011847616
BCRF1_3&EN_13898_545_ADH_Ep	0.0139924034754552	0	0	0	0.0143532100174522	0.000313392789864192	0.971231491614582	0.000109502102646716	0	0.814758850548878	0.651575997499518
BCRF1_3&EN_13900_545_UDH_Ep_1	0.0379519182821651	0	0.000755332790530033	0	0.0133177405876604	0.000452973524345771	0.946805499348835	0.000716535466464083	0	0.773288772611825	0.688134135695127
BCRF1_3&EN_13902_545_AM_Ep_1	0.0445184080399048	0	0.000558227115549038	0.0471668015148863	0.0667420986067499	0.000612558194527354	0.840016065213209	0.000385841315173393	0	0.509540628274792	0.86175825806636
BCRF1_3&EN_13904_545_IBC_Ep	0	0	0	0.15718400733806	0	0	0.84281599266194	0	0	0.727787053178272	0.709032197782939
BCRF1_3&EN_13906_545_DCIS_Ep_1	0.0263968358872133	0	0.00129532203945071	0.0094367163082615	0.0228092419829824	0.000426417225852707	0.939383663584435	0.000251802971803998	0	0.600196122530479	0.806307101043652
BCRF1_3&EN_13908_545_CCC_Ep_2	0.0690418274212814	0	0.00371794693634262	0.0790542363284189	0.00220296462247658	0.000678347711311995	0.844405450019906	0.000899226960262055	0	0.754585425309463	0.706809441128587
BCRF1_3&EN_13910_545_AM_Ep_2	0.00683239629034507	0	0	0	0.0400102338824699	0	0.953157369827185	0	0	0.401977833026928	0.923435003459967
BCRF1_3&EN_13912_545_UDH_Ep_2	0.0188826591431439	0	0.000543786477028628	0.000602890522654983	0.00995440953986238	0.000548159839938212	0.969211300600902	0.000256793876470024	0	0.80299241929487	0.66129466879462
BCRF1_3&EN_13914_545_NL_Ep	0.014755936424995	0	0.00263313016168142	0.00425285810648583	0.01689480357197	0.000576849047594256	0.960669932374779	0.000216490312494035	0	0.790934260307487	0.672021966305432
BCRF1_3&EN_13916_545_DCIS_Ep_2	0.000465956253697085	0.000570002918011942	0.00283010480925891	0.0435622074492682	0.0194440790628169	0.00020808364639102	0.932919565860556	0	0	0.578316398792565	0.819177572919874
BCRF1_3&EN_13918_545_LVI_Ep	0.000229100403915825	0.000128018968991303	0.000268650084167938	0	0.00346393504357251	0.000396134064314061	0.995426776899227	8.73845358112508e-05	0	0.617055397969842	0.792857217693226
BCRF1_3&EN_13920_544_MC_Ep	0.0128834377934692	0	0.00172445027256189	0.0473749409352345	0.10602638981464	0.000362067734832323	0.831529648406873	9.90650423895913e-05	0	0.765888344448218	0.706311213098156
BCRF1_3&EN_13922_544_NL_Ep	0.0328798144933492	0	0	0.0152422096116614	0.0451621510836538	0.000636525072476888	0.905784762097947	0.000294537640912063	0	0.696088080731435	0.746830966837654
BCRF1_3&EN_13924_544_DCIS_Ep_1	0	0	0	0	0.00143976692312598	0	0.998560233076874	0	0	0.686566296696667	0.74438728087629
BCRF1_3&EN_13926_544_DCIS_Ep_2	0.0174121852745685	0.00175972306735941	0.000879920128825061	0.0317253906767715	0.00236624135992877	0.000426942467136365	0.945275975072891	0.000153621952519576	0	0.554822472601291	0.833895050102157
BCRF1_3&EN_13928_544_IBC_Ep	0.0195413493993214	0.000372022996129184	0	0.0935030076495613	0.00225252070921981	0.000361734701951523	0.883969364543817	0	0	0.612397572197772	0.796732640422024
BCRF1_3&EN_13930_544_DCIS_Ep_3	0.0311396372016203	0	0	0.0465648462797814	0.00554931049597952	0.000406508968517013	0.916339697054102	0	0	0.558307574859031	0.831996018251695
BCRF1_3&EN_13932_543_CCH_Ep_1	0.00093487571881839	0.000459842579432165	0	0.0214590409183701	0.0171316453441042	0.000485916478073033	0.959229468736498	0.000299210224704293	0	0.734495945189253	0.712771433444453
BCRF1_3&EN_13934_543_CCH_Ep_2	0.00689253423998376	0.000131511416382222	0	0.0344289633439292	0.0295224394552415	0	0.928468156347483	0.000556395196980805	0	0.729945519544026	0.71889033613427
BCRF1_3&EN_13936_568_AM_Ep	0.00141050487045613	0	0.000135315213742963	0	0.0365281638115939	0.000484207994776233	0.961441808109431	0	0	0.389142558787439	0.931082199929108
BCRF1_3&EN_13938_568_NL_Ep	0.00925368385556434	0	0.000538019763566845	0.00561123678388331	0.0119954063658817	0.000560369717678716	0.971893293697495	0.000147989815930074	0	0.718012313784887	0.72439708418831
BCRF1_3&EN_13940_568_IBC_Ep	0	0	0	0.124602658843206	0.00624694770842727	0.00047614162021391	0.86854108206619	0.000133169761963592	0	0.702662338031101	0.731793785367116
BCRF1_3&EN_13942_568_DCIS_Ep	0	0	0	0	0.00127244119118341	0.000115505761328949	0.998612053047488	0	0	0.809540193450929	0.650163094416265
BCRF1_3&EN_13944_569_CCC_Ep	0.0135721075828479	0	0	0.0374553273595554	0.00492093715875367	0	0.943996705872615	5.49220262276836e-05	0	0.640588895845129	0.77857326980579
BCRF1_3&EN_13946_570_CCC_Ep_1	0	0	0	0	0.00463073305944313	0	0.995369266940557	0	0	0.705751726296716	0.730836711791612
BCRF1_3&EN_13948_570_IBC_Ep	0	0	0	0.0365117261813531	0	0	0.963488273818647	0	0	0.690836101390469	0.742374163688988
BCRF1_3&EN_13950_570_DCIS_Ep	0	0	0	0	0.00183044175783816	0	0.998169558242162	0	0	0.588639778032057	0.811639927191939
BCRF1_3&EN_13952_570_ADH_Ep_1	0.00126347949829455	0	0	0	0.0118367135772001	0.000109793635222307	0.986707069580429	8.29437088538772e-05	0	0.713468199558615	0.726202550701882
BCRF1_3&EN_13954_570_NL_Ep	0.0130961487908497	0	0.00506131619682436	0.068194215772844	0.0866030189124223	0.00103584944377676	0.825402463150344	0.000606987732938789	0	0.701075462013127	0.746795033639941
BCRF1_3&EN_13956_570_CCC_Ep_2	0.000236035357603124	0	0.000206652047435739	0.000593975049612651	0.00316291839273887	0	0.99568224633255	0.000118172820059735	0	0.712403747404522	0.725909060880513
BCRF1_3&EN_13958_570_CCH_Ep	0.000308321576802838	0	0	0	0.00956164783172364	0.00045963404837976	0.989511310062796	0.000159086480297466	0	0.679582219354587	0.750205266443924
BCRF1_3&EN_13960_570_ADH_Ep_2	0	0	0	0.00235771098990881	0.00204062213365274	0.000294411522692946	0.995230346418018	7.69089357277092e-05	0	0.6678014884666	0.757909506910399
BCRF1_3&EN_13962_569_IBC_Ep	0.00202746913146547	0	0	0.110109595719662	0.00725242966775879	0	0.880610505481114	0	0	0.657770176657418	0.764802364831812
BCRF1_3&EN_13966_567_ADH_Ep	0.00402240822468634	0	0	0.109835637656763	0.0053767309269217	0.000114805778212588	0.88055978611513	9.06312982865003e-05	0	0.766241404868079	0.685744628110461
BCRF1_3&EN_13968_567_DCIS_Ep	0.0197031181328795	0	0	0.0738027789273904	0.00747494833865404	0.000382797434297353	0.89857165761352	6.46995532589009e-05	0	0.691206977480431	0.744809509092307
BCRF1_3&EN_13970_567_IBC_Ep	0.026207165709409	0	0	0.188877602612075	0.00549801984068428	0.000880205140694847	0.778537006697137	0	0	0.669200345279066	0.75233269032627
BCRF1_3&EN_13972_567_NL_Ep	0.0217214444496507	0	0.00132360725210441	0.0336779757125513	0.0426615520207908	0.000423660027906935	0.900109142531932	8.26180050641971e-05	0	0.720707383062179	0.72928614695747
BCRF1_3&EN_13974_569_NL_Ep	0	0	0	0	0.00256327602556461	0	0.997436723974435	0	0	0.661932735035941	0.761947104402458
BCRF1_3&EN_13976_565_EN_Ep	0.00270831583974746	0	0	0.0417859767685852	0.0029593280440043	0.000205653774050931	0.952340725573612	0	0	0.67357949956683	0.755129679963556
BCRF1_3&EN_13978_565_DCIS_Ep	0.0888337223503707	0.00012554894772155	0	0	0.00364436007529649	0.000495763326833185	0.906775587799806	0.000125017499971677	0	0.633495900556426	0.787459114752044
BCRF1_3&EN_13980_565_NL_Ep	0.0715889280960517	0.002958313457586	0.0139451846896755	0.0458601876184164	0.0616528770765606	0.000883919558399063	0.803022562240666	8.80272626442399e-05	0	0.650847552547898	0.783544043679782
BCRF1_3&EN_13982_561_DCIS_Ep	0	0	0	0.0819594993768274	0.0170470899470328	0.000765157599017791	0.89966328576145	0.000564967315671798	0	0.524186137198181	0.852370900192195
BCRF1_3&EN_13984_561_IBC_Ep	0	0.00217793356387053	0	0.101091557206649	0.0166365048555217	0.000607450118920241	0.878885710747774	0.000600843507264471	0	0.582907562983124	0.815467904532708
BCRF1_3&EN_13986_561_NL_Ep	0.0172228962103035	0	0.000483855499887084	0.0687441665723583	0.00530336079614123	0.000323220064806593	0.907826376871166	9.61239853376206e-05	0	0.805813313048464	0.660285766341683
BCRF1_3&EN_13987_562_DCIS_Ep_1	0.0196147605757156	0	0	0.00552653367057787	0.0229508347578894	0.000389650312795237	0.951400120112688	0.000118100570333792	0	0.719141901927302	0.726178832779748
BCRF1_3&EN_13989_562_NL_Ep_1	0.0377617580804825	0.000613203915963474	0	0.0187455517331766	0.0266990031967204	0.000841037153239154	0.914773467730079	0.000565978190339258	0	0.777523960978478	0.68886563725734
BCRF1_3&EN_13991_562_DCIS_Ep_2	0.00960106299555722	0	0	0	0.00306170021347326	0.000154722988556485	0.987182513802413	0	0	0.672168504570464	0.755643039830442
BCRF1_3&EN_13993_562_NL_Ep_2	0.0418819454470542	0	0	0	0.0194315335868622	0.000280640400344373	0.93830029333863	0.000105587227109017	0	0.758402756786983	0.700397460762994
BCRF1_3&EN_13995_563_NL_Ep	0.0588418433243689	0.0122455226963085	0.00131033059849251	0.000368855313994216	0.00972783616719015	0.000574814631988252	0.916682122233852	0.000248675033805268	0	0.732427779720471	0.722201610998012
BCRF1_3&EN_13999_563_EN_Ep	0.0190771482370731	0	0	0.00553809714493232	0.0091499318570213	0.000545652265789147	0.965689170495184	0	0	0.714697704123783	0.727550087650189
BCRF1_3&EN_14001_553_DCIS_Ep	0	0	0	0	0.00138282370211274	0	0.998617176297887	0	0	0.519059058722952	0.856204057104833
BCRF1_3&EN_14003_553_IBC_Ep	0	0	0	0.0660445927080823	0.00166987142191571	0.000587100378837827	0.931236215615904	0.000462219875259988	0	0.789087775219013	0.669503167486956
BCRF1_3&EN_14005_553_NL_Ep_1	0.000117117339326292	6.87876387700211e-05	0	0.0473772213569972	0.00246773876805569	0.000389293973473004	0.949579840923378	0	0	0.796380163015659	0.663900246381108
BCRF1_3&EN_14007_553_EN_Ep	0.00169493615940623	0.00053860762621207	0	0.0175274436462978	0.0028122449779106	0	0.97729903525689	0.000127732333283564	0	0.731714865262368	0.712758599986092
BCRF1_3&EN_14009_553_AM_Ep	0.00360681433962938	0	0	0.00508866211546853	0.00323310595105002	0.000178357488733371	0.987893060105119	0	0	0.692801583795732	0.740717246590802
BCRF1_3&EN_14011_553_NL_Ep_2	0.00064944493057828	0.000427912515890685	0	2.16983475375889e-05	0.00470569929433717	0.000239516874679436	0.993794915899542	0.000160812137435077	0	0.640572232153301	0.777000973238961
BCRF1_3&EN_14012_560_CCC_Ep	0.000446067808928075	0	0	0.0600946658077104	0.016581881679803	0.000195645224388968	0.92268173947917	0	0	0.881916461558793	0.596135223940208
BCRF1_3&EN_14014_560_AM_Ep	0.000232110771939446	0	0	0.0348964235660916	0.0322687047473596	1.38066048662543e-05	0.932588954309743	0	0	0.447828508197246	0.897460101369529
BCRF1_3&EN_14016_560_NL_Ep_1	0.0196795634868682	0	0.00132296984698639	0.0224424233375131	0.0215953307297142	0.000412307667121646	0.934410010110194	0.000137394821602677	0	0.815464099930127	0.656102536668399
BCRF1_3&EN_14018_560_NL_Ep_2	0.0258072003221347	0	0	0	0.00857476192880383	0	0.965618037749062	0	0	0.846587012915748	0.626948984104268
BCRF1_3&EN_14020_560_IBC_Ep_1	0.0587693110256844	0	0	0.0361493140011031	0.0243222877694202	0.000854416804559533	0.879904670399233	0	0	0.668039280886514	0.766132069667448
BCRF1_3&EN_14022_560_SA_Ep	0.00431701182620749	0	0	0.015248893942796	0.0061809619343451	0.000351777889612055	0.973781698852163	0.000119655554876697	0	0.861943774423114	0.609899365133988
BCRF1_3&EN_14024_560_NL_Ep	0.015410965272272	0.00121092618826504	0.000174282306737714	0.00421418258985665	0.0259529387560959	0.000366035213482005	0.952511728476103	0.000158941197187354	0	0.774753355786439	0.685721762435804
BCRF1_3&EN_14025_560_IBC_Ep_2	0.0222275246135651	0	0	0.0861668397355164	0.0458643785579956	0.000533135149184211	0.845028148453497	0.000179973490241716	0	0.684840758146866	0.752736244684144
BCRF1_3&EN_14027_572_IP_Ep	0.00550962687946121	0	0	0	0.0210088187764623	0.000131623127257374	0.973224727413245	0.000125203803574449	0	0.745709975215203	0.70430163726979
BCRF1_3&EN_14028_572_UDH_Ep	0.0244455290470354	0	0	0.0210881222159961	0.031707891716329	0.000540190786902965	0.921633335023558	0.000584931210178176	0	0.751864469355968	0.705858849901582
BCRF1_3&EN_14034_572_IBC_Ep	0.0117620957995971	0	0	0	0.00430706535071313	0.000532475211995058	0.983267183284788	0.00013118035290653	0	0.659902420955465	0.764491826667039
BCRF1_3&EN_14036_571_NL_Ep	0.0402649107291373	0.00125104985998842	0	0	0.0204822640976714	0.000248168119415286	0.937753607193788	0	0	0.807723144337449	0.663986521924057
BCRF1_3&EN_14038_571_EN_Ep	0.234146421325009	0.0277037153666995	0.0174075174466065	0.0200178660406925	0.0321865795212854	0.000254100972201623	0.668283799327505	0	0	0.714865324742825	0.760100861292139
BCRF1_3&EN_14040_571_DCISw_Ep	0.0792990735101421	0.00390067380469881	0.00350126298837792	0.0551405424034054	0.0222063896198402	0	0.835952057673536	0	0	0.722551434858901	0.733930271778708
BCRF1_3&EN_14042_571_DCIS_Ep	0.0750606853227269	0.00152779309480102	0.000841273055116083	0	0.0101113237266261	0.000381964135425523	0.911937189197135	0.000139771468169608	0	0.676403154741443	0.759798123475629
BCRF1_3&EN_14044_571_IBC_Ep_1	0.0751922365258996	0.0092962928966696	0.00383321888432667	0.0516564227271262	0.0115817912348258	0.000498142072309632	0.84782793613344	0.000113959525402837	0	0.734194682094544	0.725354665488579
BCRF1_3&EN_14046_571_IBC_Ep_2	0.0360713684174784	0.0013086815460569	0.00103582530919518	0.0919311193966394	0.0101865741512604	0.000412492841915711	0.858854967089148	0.000198971248306162	0	0.731080964034305	0.718782529621223
BCRF1_3&EN_14048_566_IBC_Ep	0.179702474122365	0.0172044102036927	0.000656287929047165	0.00341268140418182	0.00648492569798878	0.00116759212558212	0.791143740938093	0.000227887579049889	0	0.559517087033017	0.836422245413283
BCRF1_3&EN_14050_566_DCIS_Ep	0.0854017206658113	0.00388579503001563	0.00209940963024395	0	0.0269935795680753	0.00105603271215001	0.880025740142095	0.000537722251609099	0	0.708499675614147	0.742730551932711
BCRF1_3&EN_14052_566_UDH_Ep	0.0690072660056764	0	0.000507215788344328	0	0.0051491256651639	0.000336806491669643	0.924999586049146	0	0	0.687999436712348	0.750765019766801
BCRF1_3&EN_14054_566_CCC_Ep_1	0	0	0.000518453910003406	0	0.004357952071891	0	0.995123594018106	0	0	0.743947806098813	0.702489124565937
BCRF1_3&EN_14056_566_CCC_Ep_2	0	0	0	0.0178889128891667	0.00127257801619713	0	0.980838509094636	0	0	0.656458339762391	0.766212569884994
BCRF1_3&EN_14058_566_AM_Ep	0.000115735740486058	0	0	0	0.00338149830792293	0.000186257680891684	0.99627296965929	4.35386114097859e-05	0	0.401938297286513	0.926235997601501
BCRF1_3&EN_14060_566_NL_Ep	8.2395190278301e-05	0.000157464859922345	0	1.9199959598845e-06	0.0024430928113743	0.000323513938862346	0.996915314590948	7.62986126550848e-05	0	0.779895638243295	0.674381753052765
BCRF1_3&EN_14062_564_DCIS_Ep	0.02556917317146	0.00016949913724206	0	0.0284699509005462	0.0110184602704688	0.000642264550302798	0.933670234207346	0.000460417762633857	0	0.634251187974033	0.784014328146672
BCRF1_3&EN_14064_564_HP_Ep	0.115925951945474	0.00693345219841692	0.0035189474952398	0.0842417110670771	0.0863541753912419	0.00165040357353812	0.700021251840022	0.00135410648899035	0	0.682245690506294	0.769754496938
BCRF1_3&EN_14066_564_NL_Ep	0.054278392324589	0	0.00243327370129557	0.00891300217015798	0.0351886294042975	0.00110773852183341	0.897222025058095	0.000856938819731179	0	0.613309074845258	0.800609685840903
BCRF1_3&EN_14068_564_IBC_Ep	0.0469623010732529	0	0	0.0631925716352991	0.00190536197424752	0.00039904515981837	0.887525654273568	1.5065883814086e-05	0	0.650310006555664	0.774429741839462
BCRF1_3&EN_14070_559_DCIS_Ep	0	0.000176923051456281	0	0.0132126367742955	0.00140499849003518	0	0.985205441684213	0	0	0.626956986720824	0.786297612661594
BCRF1_3&EN_14072_559_IBC_Ep	0	0	0	0.0262807990435005	0.00481351883732329	0	0.968905682119176	0	0	0.70748794909008	0.730732194165239
BCRF1_3&EN_14074_559_CCH_Ep	0.0512292929629835	0	0	0.00437658538688284	0.033437994211316	0	0.910173005970246	0.000783121468572113	0	0.773291990411195	0.694089045319324
BCRF1_3&EN_14076_559_AM_Ep	0	0	0	0	0.0510802571954734	0	0.948919742804527	0	0	0.404271103811833	0.921953369972055
BCRF1_3&EN_14080_558_IBC_Ep	0.00402220432759646	0	0	0.117276773769397	0.00126474276729394	0.000347284927739497	0.877088994207973	0	0	0.675532844078924	0.751740888389197
BCRF1_3&EN_14082_558_NL_Ep_1	0.000843359028868665	7.11264749358056e-05	0.000227208869975475	0.0330148307768889	0.00473507292618061	0.000563643251388548	0.960452309089567	9.24495821951851e-05	0	0.740755691511636	0.70681430554881
BCRF1_3&EN_14084_558_DCIS_Ep_1	0.016935651956804	0	0	0.0337494666380567	0.00635916492695598	0.000348132200477742	0.942500392787437	0.000107191490268345	0	0.706728309034796	0.733704685169335
BCRF1_3&EN_14086_558_DCIS_Ep_2	0.0315965482880527	0	0	0.01479737936159	0.010070516212467	7.99371028067258e-05	0.943313976860847	0.000141642174236275	0	0.725221442012198	0.722239984568292
BCRF1_3&EN_14088_558_IN_Ep	0.0021018813581439	0	0	0	0.004217528271046	0.000356797754621873	0.993257121480706	6.66711354825102e-05	0	0.698475650029055	0.736353245753935
BCRF1_3&EN_14092_557_IBC_Ep	0.0208148211030446	0.00378395117826568	0	0.176953671891954	0.0388909580622262	0.00120520902992478	0.757209768664573	0.00114162007001116	0	0.782374984523499	0.670561893680547
BCRF1_3&EN_14094_557_DCIS_Ep	0.00242638967978352	0	0	0	0.00100427608138044	0	0.996527624499858	4.17097389780022e-05	0	0.59660354365626	0.806442071970875
BCRF1_3&EN_14096_556_IBC_Ep_1	0	0	0	0.0528735292329452	0	0.000144737703279791	0.946981733063775	0	0	0.529919198309906	0.84904095741704
BCRF1_3&EN_14098_556_ADH_Ep_1	0	0	0	0	0.00163693178095751	0	0.998363068219043	0	0	0.803586977164416	0.655082052347131
BCRF1_3&EN_14100_556_ADH_Ep_2	0.0050381456111906	0	0.000446935214099628	0	0.00802279741319655	4.78692317917127e-05	0.986353452189427	9.0800340294416e-05	0	0.807354934154327	0.654419816169218
BCRF1_3&EN_14102_556_AM_Ep	0	0	0.000134745031344921	0.00986701382656748	0.030897085278252	0.000331472827475752	0.95876968303636	0	0	0.471980341921746	0.883917815452842
BCRF1_3&EN_14104_556_IBC_Ep_2	0	0	0	0.0399951624610778	0	0.000147513792616691	0.959857323746306	0	0	0.524930281996588	0.852215229341567
BCRF1_3&EN_14108_556_NL_Ep	0.023202161067351	0	0.000929303210798918	0.0506450124060783	0.0121890062956041	0.0006755436517142	0.911772955453618	0.000586017914835316	0	0.794474741208105	0.672049100262009
BCRF1_3&EN_14110_555_IN_Ep	0.148920797463373	0.0263308249004011	0.0204974513423549	0.0789235571829932	0.0517549255298957	0.00172856320484246	0.67014986822542	0.00169401215071991	0	0.544313085543417	0.847323993868227
BCRF1_3&EN_14112_555_iIBC_Ep	0.143279772614571	0.0215588644864387	0.00553088881024119	0.00978805287865036	0.00259607080864524	0.00047085510779834	0.816775495293655	0	0	0.354451786230702	0.941686463245693
BCRF1_3&EN_14114_555_IBC_Ep	0	0.000317796896870708	0	0	0.00296604172573082	0.000365047253285217	0.996236971209706	0.000114142914407653	0	0.662183143640627	0.761872454781899
BCRF1_3&EN_14116_555_CCC_Ep	0.00716453833644115	0.000444456037185745	0	0.00119956008619305	0.00673024454065877	0	0.984242519031997	0.000218681967524654	0	0.645431085063961	0.774285139904422
BCRF1_3&EN_14118_555_NL_Ep	0.000912448082080812	0	0	0.00750963014933619	0.00137548798573215	0.00029486227757591	0.989841088832828	6.6482672447314e-05	0	0.659116439935608	0.764188086455677
BCRF1_3&EN_14120_554_RS_Ep_1	0.000311292236862586	0	0	0	0.00174882467179699	0	0.99793988309134	0	0	0.811012866539726	0.649085779061587
BCRF1_3&EN_14124_554_EN_Ep	0.00716742528365369	0	0	0	0.00364364898492334	0.00070572324574791	0.988483202485675	0	0	0.705011531574158	0.732162233537231
BCRF1_3&EN_14126_554_IBC_Ep	0.344229866427779	0.0344316673026784	0.0148815401765088	0.102472477801023	0.010144255917573	0.00217195887584882	0.489708476866246	0.00195975663234207	0	0.551302505702008	0.842490726131186
BCRF1_3&EN_14128_554_UDH_Ep	0.00754923967043936	0	0	0	0.00206454493223717	0.000258582057992656	0.990127633339331	0	0	0.783131816816278	0.673028843615609
BCRF1_3&EN_14130_554_DCIS_Ep	0.260061455388165	0.0223281802170235	0.00663787891944583	0.0145699620446567	0.0624858025423876	0.00276678576872034	0.628381848641782	0.00276808647781946	0	0.682798021098414	0.780058840467331
BCRF1_3&EN_14134_554_NL_Ep	0.0135172580914543	0	0.00239777282644308	0.0374524316650931	0.0391937714016039	0.000383622263972349	0.907055143751433	0	0	0.855898148582566	0.627772082421645
BCRF4_10_14731_656_IBC_Ep	0.0229086455103748	0.000982437805492741	0	0.070183552854019	0.0347720554117458	0.000726556780092793	0.870323727544459	0.000103024093815528	0	0.41236562566301	0.915935216571829
BCRF4_10_14733_656_BBD_Ep	0.0227766253040021	0	0	0.0173917300597047	0.00677644786980674	0	0.952961491037318	9.37057291680702e-05	0	0.799034989595495	0.665736888548156
BCRF4_10_14735_656_NL_Ep	0.0454989859646768	0.000403371187170381	0.00413900401714014	0.0277204464903342	0.0212796440800106	0.000369036867898801	0.900300583171727	0.000288928221041651	0	0.814162721923612	0.663587131257824
BCRF4_10_14737_657_CCC_Ep	0.0482877413043137	0.000246055347521969	0.000891880322414985	0.0143845013928666	0.0380976843302697	0.000452745362131015	0.897111578670948	0.00052781326953449	0	0.704953052115937	0.742104630140713
BCRF4_10_14739_657_NL_Ep	0.00948513973991266	0	0.000121284039672438	0.00231799017178486	0.0213788061531327	0.000219690275975318	0.966460646457493	1.64431620287602e-05	0	0.806557914492124	0.658807325404781
BCRF4_10_14741_657_DCIS_Ep	0	0	0.000358648724842723	0.0223914835157633	0.0127773563376199	0	0.964448523508119	2.39879136549603e-05	0	0.520173273367766	0.855205054741253
BCRF4_10_14744_657_IBC_Ep	0	0.00205506752075339	0	0.127263761435245	0.0107323073556288	0.000391524016819754	0.859215054653073	0.000342285018479401	0	0.617960334141169	0.79143144980688
BCRF4_10_14745_658_DCIS_Ep	0.063846469683242	0.000762726667121116	0.00292738906596712	0.00612684647088066	0.0349369429484498	0.000532988127901406	0.890866637036438	0	0	0.715530399865938	0.736498983348364
BCRF4_10_14746_658_IBC_Ep	0.0459943783676069	0.003742853999942	0	0.00363192964447151	0.0067301666795169	0.000562129830702783	0.93924058151435	9.79599634093682e-05	0	0.647648511462208	0.776094668206345
BCRF4_10_14747_658_NL_Ep	0.0242119750138966	0	0.00576290497266645	0.032889246937055	0.0472369631408763	0.000493027607497717	0.889097601372297	0.00030828095571145	0	0.711377454151525	0.737219907654488
BCRF4_10_14751_659_DCIS_Ep	0	0	0	0.0119852241045959	0.0254603599352836	0	0.96255441596012	0	0	0.827385965387995	0.641794610219507
BCRF4_10_14752_659_IBC_Ep	0.0224701240169846	0	0	0.112867843798722	0.0119599433300578	0.000375211547091708	0.852181489979987	0.000145387327157123	0	0.599390754457953	0.805113186972024
BCRF4_10_14755_659_DCIS_Ep	0.00907805740839137	0	0	0.024207259196755	0.00658511738774901	0.000317602322659701	0.959811963684445	0	0	0.739485607874062	0.708802342069191
BCRF4_10_14757_659_NL_Ep	0.0369344362998817	0.00211265185568436	0.000672314561546566	0.0463984854100203	0.0581342827331432	0.000473382734850636	0.854308281623377	0.000966164781495881	0	0.842242942965546	0.649133525058967
BCRF4_10_14791_663_DCIS_Ep	0.0501855964424381	0.00284982442255979	0	0.0944991632471551	0.0124146348988356	0.000489432471266417	0.839144130577832	0.000417217939912914	0	0.672408443229732	0.760514938166943
BCRF4_10_14793_663_IBC_Ep	0.0406325061796568	0	0.00473533432138006	0.348738559269198	0.0193701542956071	0.00107251601263699	0.582163487240165	0.00328744268135581	0	0.900147511245944	0.486984782851542
BCRF4_10_14795_663_NL_Ep	0.0141280731257141	0	0	0.0271546593445976	0.0360502923578287	0	0.92266697517186	0	0	0.592517342335752	0.811253548954855
BCRF4_10_14759_660_IBC_Ep	0.0353886806751898	0.0023352643598206	0.000298046583778861	0.0150407170481337	0.00349794182672981	0.000468456681010317	0.942877761237074	9.31315882630292e-05	0	0.520716660130728	0.854894135404352
BCRF4_10_14761_660_DCIS_Ep	0.0226958103643812	0.00805456670730929	0.00279035719692766	0.0417909039415014	0.0948481222382148	0.000674665663857746	0.828599456192549	0.00054611769525887	0	0.461561902116204	0.887826476406145
BCRF4_10_14763_660_NL_Ep	0.0670201451152721	0	0.000481677477139802	0	0.00857581791116342	0.000311340428300899	0.923574188509773	3.68305583505901e-05	0	0.745139922315531	0.711900126387737
BCRF4_10_14765_660_LVI_Ep	0	0	0	0	0.000770735026343294	0.000398549223618957	0.998830715750038	0	0	0.582019746992507	0.8159681644336
BCRF4_10_14767_661_IBC_Ep	0.168409955689738	0	0	0.0232881127908049	0.0113514206775764	0.000412005966185683	0.796439709371278	9.87955044176557e-05	0	0.50497665482266	0.865020753684659
BCRF4_10_14769_661_AM_Ep	0.0283502383280872	0	0.000810737317056755	0	0.0214992975288471	0.000363020679936369	0.948976706146073	0	0	0.412977709695129	0.917053223129831
BCRF4_10_14771_661_ADH_Ep	0.0122564059875313	0	0.000222730975128514	0	0.0129721865301184	0.000304263458615609	0.974132947536822	0.000111465511783952	0	0.877092391100558	0.598864165688505
BCRF4_10_14773_661_DCIS_Ep	0.0187883932382301	0	0	0	0.0044772173393741	0.000154613983189817	0.976428931068514	0.000150844370692231	0	0.778203052047247	0.67927931985437
BCRF4_10_14775_661_ADH_Ep	0.00606305403898788	0	0	0	0.0141469026437559	0	0.979774091127468	1.59521897884574e-05	0	0.860681664613172	0.611513675078475
BCRF4_10_14777_661_NL_Ep	0.00688114991651651	0	0.00031889064803195	0.00611279005030198	0.005614171950101	0.000375927868038755	0.980605364845786	9.17047212240162e-05	0	0.763791022502098	0.68913115890079
BCRF4_10_14779_662_DCIS-1_Ep	0	0	0	0.00105085472493196	0.000679801652514542	0	0.998269343622554	0	0	0.680635699814368	0.748610142218928
BCRF4_10_14781_662_MIV-1_Ep	0.00583949732571268	0	0	0.0457594223312497	0.00815805362986508	0	0.940243026713173	0	0	0.680020765471986	0.751434780150594
BCRF4_10_14783_662_DCIS-2_Ep	0	0	0	0.0335659873430357	0.00536033338128518	0	0.961073679275679	0	0	0.647806802805655	0.772715118396962
BCRF4_10_14785_662_MIV-2_Ep	0.0430539460240506	0	0	0.0919596976879269	0.0133842354091431	0.000471336426510766	0.851130784452369	0	0	0.709664265256107	0.734564047111916
BCRF4_10_14787_662_DCIS-3_Ep	0	0	0	0.00136587066446529	0.00110687933689285	0	0.997527249998642	0	0	0.692878336733891	0.73987855321681
BCRF4_10_14789_662_IBC_Ep	3.86625576243757e-05	0	0	0.0468707426987491	0.000144439850534874	0	0.952946154893092	0	0	0.720432705835232	0.721178913179158
BCRF4_10_14909_676_DCIS-2_Ep	0	0	0	0	0.000823275872532515	0.000395062701433709	0.998781661426034	0	0	0.570270539709308	0.823626896233039
BCRF4_10_14797_664_AM_Ep	0	0	0.000117289543332162	0	0.037205627802655	0.000130507217101033	0.962546575436912	0	0	0.372655189138589	0.940281879316352
BCRF4_10_14798_664_BBD_Ep	0.00370024107408608	0	0.000180944846263791	0	0.0241084889744325	0	0.971987993616223	2.23314889945139e-05	0	0.772542911191181	0.684309907633001
BCRF4_10_14800_664_IBC_Ep	0.0886603261240637	0.009626069445585	0	0.0796639737479586	0.00485212242558991	0.000470073390026516	0.816408357539766	0.000319077327010205	0	0.728652941335091	0.72834373862511
BCRF4_10_14802_664_ADH_Ep	0.00802448458552904	0	0	0.0124451899829105	0.0285800314024165	0.00029301337722531	0.950657280651919	0	0	0.795476214496984	0.669424853482909
BCRF4_10_14804_664_NL_Ep	0.0543884538626505	0	0.000773813961988664	0.0306422194669614	0.0774130036288834	0.000444058823691838	0.836241542336287	9.6907919536691e-05	0	0.598000889301108	0.812506886741403
BCRF4_10_14805_665_IBC_Ep	0.0207012959349246	0	0	0.154742150333893	0.0131386869121748	0	0.811417866819007	0	0	0.716416489389068	0.721346453301207
BCRF4_10_14807_665_inf_NL_Ep	0.0422639804153986	0.00675779366224461	0.0108700590375875	0.0851833544669146	0.0692151583014321	0.000562663044594738	0.784890373284304	0.000256617787523401	0	0.761566237499313	0.710321339672046
BCRF4_10_14809_665_DCIS_Ep	0.0601854244197148	0.019811286541787	0.0073396515694546	0.0506073183063946	0.0354415687906169	0.000490364613910926	0.825560512787902	0.000563872970219422	0	0.747888778392138	0.720620132675912
BCRF4_10_14810_665_NL_Ep	0.0274749880301614	0.00116271997718356	0.000907247782932846	0.0190762707068225	0.0278114444407953	0.000371985024453747	0.92319534403765	0	0	0.737018476428943	0.716388518445203
BCRF4_10_14812_666_IBC_Ep	0.0328864573576091	0	0	0.184950256362437	0.0240425590645709	0.000716705008463104	0.755308770072535	0.00209525213438419	0	0.830024320359852	0.628333228857525
BCRF4_10_14813_666_DCIS_Ep	0.053413805461924	0	5.49654455151102e-05	0	0.016970640230384	7.77961915593505e-05	0.929482792670618	0	0	0.691701789814455	0.747939145970917
BCRF4_10_14816_666_NL_Ep	0.0298061147554504	0	0.00260259459187342	0.0582930325962898	0.0425238877313721	0	0.865708584858849	0.00106578546616542	0	0.794435217089597	0.679217275490585
BCRF4_10_14818_666_BBD_Ep	0.0129056284326797	0	0	0.0127925832388028	0.023398777107631	0.000120148204080126	0.950474532990415	0.000308330026391566	0	0.839674016117467	0.634608003833415
BCRF4_10_14853_671_UDH_Ep	0.00310150082647716	0	0	0.00772285326663618	0.013894680465038	0.000196577892684613	0.975084387549164	0	0	0.754618209752441	0.696779183942393
BCRF4_10_14855_671_AM_Ep	0	0	0.000303497181349812	0	0.0401755393155659	0.000332602227558238	0.959188361275526	0	0	0.43702266074535	0.90402500236995
BCRF4_10_14856_671_DCIS_Ep	0	0	0	0.0522400006535721	0.0092058684659839	0.000454835470545738	0.938099295409898	0	0	0.730116877280438	0.715308463789292
BCRF4_10_14857_671_IBC_Ep	0.0280796191861466	0	0.00245050164628295	0.162333699029436	0.00279198846827457	0.000784509407343314	0.80289710103748	0.00066258122503609	0	0.792342783953976	0.661585534611767
BCRF4_10_14862_671_CCC_Ep	0.0281261478185668	0	7.95665996815444e-05	0.0220314639797187	0.0171977836532942	0.000269292859504037	0.932153666579432	0.000142078509802372	0	0.785755336757112	0.679223162977842
BCRF4_10_14820_667_IBC_Ep	0.0200248014330215	0	0	0.0240182345006073	0.00988733269516199	0.000251382603479777	0.945818248767729	0	0	0.561796443035109	0.829694451503394
BCRF4_10_14821_667_DCIS_Ep	0.108166680311437	0	0	0	0.00617773689895959	0.000314008152834771	0.885341574636769	0	0	0.718994828095744	0.734403013602812
BCRF4_10_14822_667_NL_Ep	0.0424249909460544	0	0.00343252319259032	0	0.0174101278911412	0.000364364660098173	0.936257875748976	0.000110117561139601	0	0.867376934871843	0.617358945184678
BCRF4_10_14826_668_IBC_Ep	0.020707496457866	0	0	0.0112759967027022	0.0143627708690072	0.000336307333933624	0.953317428636491	0	0	0.682383831913195	0.751176623529402
BCRF4_10_14828_668_DCIS_Ep	0.0233353327658936	0	0	0	0.0251432428766922	0.000177385389035301	0.951344038968379	0	0	0.578854208093831	0.819417505591378
BCRF4_10_14829_668_NL_Ep	0.0380116832018225	0	0.00746341228137098	0.0177773720980847	0.0363095232432354	0.000419977406519498	0.899398450189464	0.000619581579502719	0	0.770538735251792	0.696877371533228
BCRF4_10_14830_668_EN_Ep	0.0516112727485998	0	0.00118850556116763	0.014686561746866	0.0410785966582523	0.000549342627683896	0.890420082752888	0.000465637904542462	0	0.62715639275703	0.792321896064841
BCRF4_10_14833_669_IBC_Ep	0	0	0	0.13255157646107	0.0250537424571123	0	0.842394681081818	0	0	0.546310604025549	0.83823313087738
BCRF4_10_14834_669_NL_Ep	0.0209292277929271	0	0.00056806142336266	0.00692161513048538	0.0388692903015576	0.000412671445918633	0.932299133905748	0	0	0.761769962100833	0.69839728790957
BCRF4_10_14837_669_DCIS_Ep	0	0	0	0.0729392641087491	0.0134989566504731	0.000105129300053853	0.913429672325279	2.6977615444991e-05	0	0.615161549582328	0.794847464736627
BCRF4_10_14839_670_EN_Ep	0.00822646149358421	0	0	0	0.0250885517098401	0	0.966684986796576	0	0	0.77420443866037	0.683965514874438
BCRF4_10_14840_670_DCIS_Ep	0.0508365234173956	0	0.00323482713200578	0	0.0274688734535269	0	0.918459775997072	0	0	0.487168164451597	0.874424100079433
BCRF4_10_14843_670_DCIS_Ep	0.00833305082186605	0	0	0.00842908334347251	0.0169895803999532	0.000268937445023592	0.965979347989685	0	0	0.488356912505706	0.874402756424311
BCRF4_10_14844_670_IBC_Ep	0.0198801738651721	0	0.0014975433362365	0.0920547886419003	0.0311199459979749	0.000221567952544852	0.855225980206171	0	0	0.550125533286171	0.836855617800561
BCRF4_10_14847_670_BBD_Ep	0.0147469591323071	0	0.000676083059959644	0.00370040887797621	0.0272854598178019	0.000209867057800642	0.953340200751348	4.10213028062865e-05	0	0.81787681218453	0.652492064535053
BCRF4_10_14848_670_CCC_Ep	0.0124606917602736	0	0	0	0.0210654255575801	0.000227663711988364	0.966245448423152	7.70547005981546e-07	0	0.702628308322954	0.736353924146118
BCRF4_10_14849_670_AM_Ep	0.046462878622149	0	0.000852061519752123	0.00224832616375991	0.0265986180806963	0.000171856764047534	0.923609571410262	5.66874393328802e-05	0	0.596805973422781	0.809404602532083
BCRF4_10_14864_672_inf_NL_Ep_S1_R1_001	0.042507417835125	0.000383630728246344	0.0026165810843374	0.0354616170580562	0.0286518486490206	0.000389876924889902	0.889960515285266	2.85124350587044e-05	0	0.741304051563429	0.716498094383839
BCRF4_10_14866_672_IBC_Ep_2_S3_R1_001	0.018137249646859	0	0	0.166166549342281	0.0116236452923048	0.000523698687981926	0.803548857030574	0	0	0.776806661335769	0.672565945307254
BCRF4_10_14868_672_IBC_Ep_1_S5_R1_001	0.0030722597379301	0.0028372061515297	0	0.189733762616918	0.00390845196871573	0	0.799714822811884	0.000733496713022453	0	0.798530733909373	0.646956183161807
BCRF4_10_14869_672_DCIS_Ep_S6_R1_001	0	0	0	0.00377502522664029	0.00398359376241471	0.000223271801481645	0.992018109209463	0	0	0.719433384068604	0.720975001525531
BCRF4_10_14870_672_CaLob_Ep_S7_R1_001	0.00830975732954298	0	0	0.127236260964887	0.0203732534259997	0.000220289128385734	0.843860439151184	0	0	0.816056578868693	0.647278575825489
BCRF4_10_14873_672_NL_Ep_S10_R1_001	0.0230645980618282	0.000352053444104188	0.0033627260726569	0.0338157798854877	0.0378734213160346	0.000475209069255422	0.9008714620683	0.000184750082332974	0	0.752617191577618	0.707139115778972
BCRF4_10_14875_672_ADH_Ep_S12_R1_001	0.0441427277670648	0	0	0	0.0140722619118751	0.000256118060638856	0.941393948410745	0.000134943849675815	0	0.764973414613429	0.695096831934
BCRF4_10_14876_672_CCC_Ep_S13_R1_001	0.215865506550148	0	0.00446246018883513	0	0.027815477148666	0.000511225029417483	0.751011917832908	0.000333413250025503	0	0.662929731473929	0.780671393497956
BCRF4_10_14878_673_IBC_Ep_S15_R1_001	0.0341442283036917	0.0127732875116024	0.00377465882504557	0.341501801162597	0	0.00119194731680328	0.605066806867869	0.00154727001239101	0	0.815836423650164	0.594722368392705
BCRF4_10_14880_673_DCIS_Ep_S17_R1_001	0.0413415118362228	0.00123576128939398	0	0.0681985733399808	0.0130343477789579	0.000464430582035026	0.875725375173409	0	0	0.503682340106383	0.864627503314133
BCRF4_10_14882_673_NL_Ep_S19_R1_001	0	0	0	0.0186009803551505	0.0211579543550386	0.000320957345248334	0.959920107944563	0	0	0.673538397778897	0.756105341476224
BCRF4_10_14884_673_AM_Ep_S21_R1_001	0	0	0	0	0.0359991810821652	0	0.964000818917835	0	0	0.434998486653743	0.905397544759533
BCRF4_10_14886_673_CCC_Ep_S23_R1_001	0.0131690715844893	0	0	0.00975015764819988	0.0161069918449462	0	0.960973778922365	0	0	0.845898382460871	0.62744116280353
BCRF4_10_14888_673_EN_Ep_S25_R1_001	0.0214201083238598	0	0.000119196226489159	0	0.0280398681870233	0.000226475875451857	0.950169520488057	2.4830899118559e-05	0	0.744253407415396	0.708800963544398
BCRF4_10_14890_674_DCIS_Ep_S27_R1_001	0.00139104331477543	0	0	0	0	0	0.998608956685225	0	0	0.61121373526526	0.796631952441877
BCRF4_10_14892_674_IBC_Ep_S29_R1_001	0.00281894018079939	0	0.000328686796000425	0.0244389354067627	0	0.000304475482512631	0.972029185360017	7.97767739074335e-05	0	0.708772633207926	0.729629402170443
BCRF4_10_14894_674_BBD_Ep_S31_R1_001	0.0141311754027121	0	0.000806114538433348	0	0.0106805864754087	0.000328688082713756	0.973926123839561	0.000127311661171456	0	0.723626500802879	0.720449372285622
BCRF4_10_14899_675_EN1_Ep_S33_R1_001	0.000168965467375047	6.94616767621995e-05	0	0.0570047799555112	0.0111424505681195	0.000431183549375045	0.931052425908979	0.000130732873877827	0	0.819979859938135	0.646805067144554
BCRF4_10_14901_675_EN2_Ep	0.00244693188210426	0	0	0.0496543003459907	0.0385206990289373	0	0.909378068742968	0	0	0.747177031787295	0.707197315539273
BCRF4_10_14904_675_EN3_Ep	0	0	0	0.0474853886888462	0.0331442084591855	0	0.919370402851968	0	0	0.680477454136491	0.752877814678969
BCRF4_10_14905_675_NL_Ep	0.00585372440912864	0	0.000403091655520985	0.0862192481564801	0.025104868201784	0.000499306948198051	0.881870282603066	4.94780258218788e-05	0	0.779979374453395	0.680589449715441
BCRF4_10_14907_675_IBC_Ep	0	0	0	0.199577597071392	0.00241284650282975	0	0.797865200562633	0.000144355863145766	0	0.724667163387026	0.706155330901887
BCRF4_10_14908_675_CCC_Ep	0.00731890001340942	0	0	0.0982001315422433	0.106609641954607	0.000491103513281094	0.787126306875021	0.000253916101438283	0	0.531524487654425	0.848713375836648
BCRF4_10_14922_677_IBC_Ep	0.0205796139620403	0	0	0.103107607703423	0	0.000378986423909193	0.875933791910628	0	0	0.665126848924434	0.761030979201278
BCRF4_10_14924_677_DCIS_Ep	0.00852972489399011	0	0	0.0585359083233218	0	0.000297015197267164	0.932637351585421	0	0	0.690677450754276	0.743496760409392
BCRF4_10_14926_677_NL_Ep	0.0880080039163649	0.0251237272926171	0.0132000602185801	0.0412126323181534	0.0568620071906342	0.00026922242750049	0.77532434663615	0	0	0.659661780554359	0.782263495999798
BCRF4_10_14928_677_LVI_Ep	0.0309877511456767	0.00187296264976439	0	0.068550777456255	0.0306282864176682	0.000418167139565495	0.866951715119163	0.000590340071907077	0	0.691814699747511	0.748480814454236
BCRF4_10_14930_678_IBC_Ep	0.016675296357558	0.000387568341783175	0	0.0383897560341914	0.00589154127464817	0.000338074902245081	0.938271124869632	4.66382199420441e-05	0	0.663584805280709	0.763522830459842
BCRF4_10_14932_678_PLC_Ep	0.0403189262604329	0	0.00429122653192119	0.0179499034461321	0.0905587431645088	3.90301163810746e-05	0.846842170480624	0	0	0.160351837104057	1.03521371297344
BCRF4_10_14934_678_EN_Ep	0.0124448823674772	0	0.000660461622246103	0.0135411303232566	0.0347390126884441	0.000314408353400898	0.938300104645175	0	0	0.863368917802405	0.618116025131352
BCRF4_10_14936_678_NL_Ep	0.030846311991061	0	0.0021952717537005	0.0150191950234169	0.0487739626030364	0.00040214090396564	0.90276311772482	0	0	0.738694322554948	0.718564095257651
BCRF4_10_14938_679_IBC_Ep	0	0	0	0.0446031288064184	0.00132010473565585	0	0.954076766457926	0	0	0.712338229585278	0.72718354524638
BCRF4_10_14940_679_DCIS_Ep	0	0	0	0.0462888179713996	0.0115832876127502	0	0.94212789441585	0	0	0.504132715174697	0.864784200857189
BCRF4_10_14942_679_NL_Ep	0.0324475135910271	0	0.00396357538429862	0.025471457592735	0.0277378191253961	0.000501323583582524	0.909327478668724	0.000550832054236967	0	0.74903301929799	0.709420661630682
BCRF4_10_14954_680_DCIS_2_Ep	0	0	0	0	0.00317236422687062	0	0.996827635773129	0	0	0.789531874017728	0.666719473752466
BCRF4_10_14956_680_ADH_2_Ep	0.0270097438488818	0	0.00123464078360132	0	0.0075751431806174	0.000203748257386254	0.963732857524134	0.00024386640537892	0	0.806094379051265	0.660004306213775
BCRF4_10_14944_680_ADH_1_Ep	0	0	6.112317691372e-05	0	0.0275960509758391	0	0.972336497564324	6.32828292320121e-06	0	0.785768413487317	0.67404804395189
BCRF4_10_14946_680_UDH_Ep	0	0	7.49244397793602e-05	0.00243645164326202	0.0309056938812196	0.000239988344523316	0.96609538796029	0.000247553730925791	0	0.797049989491586	0.666223069421995
BCRF4_10_14948_680_NL_Ep	0.0127913446095187	0	0	0.000297442871977321	0.0305598449695414	0.000279598205301198	0.956034590173759	3.71791699019938e-05	0	0.807312984261364	0.660500549842538
BCRF4_10_14950_680_DCIS_1_Ep	0.00318813070004133	0	0.000159088598563086	0	0.00673276054883008	0.000288712566128419	0.989454251468466	0.00017705611797104	0	0.77395514394401	0.680321487030525
BCRF4_10_14952_680_IBC_Ep	0.00831269286381495	0	0	0.0667926599177909	0	0	0.924894647218394	0	0	0.561653930842262	0.82917319204797
BCRF4_10_14958_680_LG_DCIS_Ep	0	0	0	0.00544686464306787	0.000893453718105062	0	0.993659681638827	0	0	0.533914943202299	0.846846406313824
BCRF4_10_14960_680_AM_Ep	0	0	0	0	0.0117083551572876	0	0.988291644842712	0	0	0.614780713794661	0.794709643860318
BCRF4_10_14962_680_atip_AM_Ep	0	0	0	0	0.0144609737834602	0	0.98553902621654	0	0	0.852866935809896	0.61671928962166
BCRF4_10_14963_680_ADH_AM_Ep	0.00698865093620001	0	0.000898547226130541	0	0.0152113413466815	0.000210488364214864	0.976690972126773	0	0	0.831044217780025	0.637185619771788
BCRF4_10_14966_681_DCIS_Ep	0.0445884806554651	0	0	0	0.0118528107492862	0	0.943558708595249	0	0	0.708065853288424	0.735185767096246
BCRF4_10_14968_681_AM_Ep	0	0	0	0	0.0432545967851569	0.000420600975805508	0.956324802239038	0	0	0.469960630577157	0.884957686876013
BCRF4_10_14970_681_EN_Ep	0.00840668536916529	0	0.000561719796294752	0	0.0185779630829467	0.000234120736156086	0.972192170984935	2.73400305020139e-05	0	0.759872850890867	0.693916676617875
BCRF4_10_14972_681_ADH_1_Ep	0.0735281912345921	0	0.000802040350096409	0.0097879300714133	0.0366446523054215	0.000377248543623502	0.878811572184455	4.83653103981091e-05	0	0.750361680206117	0.714557987927221
BCRF4_10_14974_681_IBC_Ep	0.000648358555267715	0	0	0.175766546053144	0	0	0.823585095391589	0	0	0.755766857381343	0.684284344779572
BCRF4_10_14976_681_NL_Ep	0.00868510560372772	0	0.00218224055305756	0.0114434065738118	0.033453867510613	0.00037099008925218	0.943842799684523	2.15899850149209e-05	0	0.836454282052952	0.638931274784761
BCRF4_10_14978_682_NL_Ep	0.0731516047389498	0	0.00359843810538981	0.0683977725697045	0.0331758277770964	0	0.82167635680886	0	0	0.738224921932303	0.723352468882495
BCRF4_10_14980_682_EN_Ep	0.0974185202084788	0	0.00519574042938408	0.292127673927693	0.0582501262736776	0.00122517572584194	0.545004109355789	0.000778654079136051	0	0.895430834786476	0.53310437390821
BCRF4_10_14982_682_IBC_Ep	0.017495650464295	0	0	0.203472802807317	0.00383376983688677	0.000605851070795538	0.774541086276845	5.08395438607335e-05	0	0.737306978597809	0.697049130047328
BCRF4_10_14984_682_Inf_NL_Ep	0.0764483396774649	0.00430769229083265	0.0127819882123935	0.0747123061166463	0.0608248765427395	0.00257303651178754	0.768351760648136	0	0	0.300769141234522	0.967285251359296
BCRF4_10_14987_683_DCIS_Ep	0.0387635098687265	0	0	0	0.00320039130167585	0.000233192442836325	0.957802906386761	0	0	0.830754698654071	0.641592977502669
BCRF4_10_14990_684_ADH_DCIS_Ep	0.0117211312821538	0	0	0.0510984959495071	0.00584133101251011	0.000508633995769379	0.93083040776006	0	0	0.712866166387925	0.728864727442555
BCRF4_10_14992_684_DCIS_Ep	0.0646070509313403	0	0	0.0133270966813373	0.00562046131642762	0.00034143523461557	0.916103955836279	0	0	0.696976097951817	0.745013182750697
BCRF4_10_14994_684_NL_Ep	0.019910887988968	0	0.00100590326214591	0.033199768986017	0.0386313234907917	0.000614053353514699	0.906614219554832	2.38433637301554e-05	0	0.780289205430325	0.68632808657001
BCRF4_10_14996_684_IBC_Ep	0.0243453305920843	0.000887770191231783	0	0.163658925377505	0.000754383440375289	0.000280429133735612	0.810073161265069	0	0	0.755659816998935	0.689445796445576
BCRF4_10_14998_685_DCIS_Ep	0.01120938254818	0.00061608332353321	0.000275019861523825	0.0909941630144473	0	0	0.896802535791298	0.000102815461017837	0	0.737718233092041	0.709104664628641
BCRF4_10_15000_685_IBC_Ep	0	0	0	0.0495039095235944	0.0100927663665006	0.000120435970961198	0.940282888138944	0	0	0.676645472277077	0.753401786798258
BCRF4_10_15002_685_NL_Ep	0.0543639830962519	0	0.00124452038623118	0.0678074465662819	0.0254950089700472	0.000420280383301725	0.850571232337646	9.75282602402833e-05	0	0.779007018060743	0.691001384470798
BCRF4_10_15004_685_EN_Ep	0.0367833985117768	0	0.00212856928782877	0.0234542304083258	0.052169699443115	0	0.885464102348954	0	0	0.689920204246551	0.752584572757234
BCRF4_10_15013_687_DCIS_1_Ep	0.0680458120289636	0.00431463524477419	0.000862001691733356	0.0401249682116981	0.00820773177136646	0.000365319648530319	0.878027025148022	5.25062549122767e-05	0	0.610482547464017	0.801994444674627
BCRF4_10_15015_687_DCIS_2_Ep	0.0992376261214872	0.00459435534711375	0.00641584756398997	0.0011881018841301	0.00776363733697112	0.000457734623795319	0.880342697122512	0	0	0.553242384201328	0.837090871961153
BCRF4_10_15017_687_UDH_Ep	0.0107759243602442	0	0.000449706362654715	0.00477011122962014	0.0332845346956768	0.000317087538139939	0.950402635813664	0	0	0.807258982023013	0.661231781861434
BCRF4_10_15019_687_EN_Ep	0.0180601465999303	0	6.28188348984185e-05	0.0175762492238099	0.0424800932931846	0.000572558512254834	0.921243299714151	4.83382177067673e-06	0	0.793785540906273	0.675742397357625
BCRF4_10_15021_687_NL_Ep	0.0429778541532368	0	0.00230023032216333	0.056090486557956	0.0934125799560876	0.000821666421735754	0.80439718258882	0	0	0.689544284366889	0.758354142998145
BCRF4_10_15025_688_EN_1_Ep	0.109828450757117	0.0353755182529544	0.0157288826483325	0.0312141675948843	0.0521335049725648	0.000651154972647245	0.754444742628821	0.000623578172678548	0	0.758787419347134	0.728910773731562
BCRF4_10_14911_676_EN_Ep	0.00105947245025016	0	0	0	0.0197086964023312	0	0.979231831147419	0	0	0.885838154267707	0.589603721851577
BCRF4_10_14913_676_BBD_2_Ep	0.00450955931696549	0	0	0.026367121457014	0.019915924958006	0.000274319320102424	0.948900801435823	3.22735120888144e-05	0	0.758460663188099	0.696103572190921
BCRF4_10_14915_676_IBC_Ep	0.0285649219672344	0	0	0.102819322488479	0.0204367443722485	0.000701118887125429	0.847131902825965	0.000345989458947957	0	0.615111421886077	0.79607654083168
BCRF4_10_14916_676_DCIS_1_Ep	0	0	0	0	0.0313736681164564	0.000439266060877845	0.968187065822666	0	0	0.415742628096388	0.916572173758907
BCRF4_10_14918_676_BBD_1_Ep	0.154016314793234	0.00115289981841188	0.00278848616175745	0.00220913084409709	0.024521214574887	0.000536174826363725	0.814654373829372	0.000121405151877487	0	0.752424521378865	0.721744035135196
BCRF4_10_14920_676_NL_Ep	0.0216876317932905	0	0.000110327360704933	0.0452829528386006	0.0192397059235018	0.00029883086211899	0.913358551443422	2.19997783608153e-05	0	0.766060333666073	0.693773945298064
BCRF4_10_15006_686_IBC_Ep	0.0703886543960704	0	0.000301819099176841	0.102832749154368	0.0358244239510745	0.000865304128956903	0.789787049270353	0	0	0.665057126849858	0.768309525739549
BCRF4_10_15007_686_DCIS_Ep	0.102070608632433	0.0157243910864596	0	0.0452501265559461	0.026485631858775	0.000462524038022749	0.809907911669649	9.88061587140414e-05	0	0.723287102226547	0.738515231587425
BCRF4_10_15009_686_EN_Ep	0.0417982192310629	0	0.0011148453936542	0.0342207166709715	0.0458657143319	0.000450446885713986	0.876415570448597	0.000134487038100075	0	0.728333507035284	0.727346505197945
BCRF4_10_15011_686_NL_Ep	0.0333624705401131	0.00278621031881773	0.000760805952170413	0.0301606002481549	0.0562815841895433	0.000393868647452347	0.876247031239464	7.42886428450726e-06	0	0.742050745181774	0.718657706269547
BCRF4_10_15032_689_IBC_Ep	0.00937629373770482	9.00475736310001e-05	0	0.0413264987262561	0.000674483388634358	0.000308166269144522	0.948224510304629	0	0	0.7222172800006	0.72114399220414
BCRF4_10_15034_689_DCIS_1_Ep	0.160340065181435	0.00677170105523537	0.00586171268157277	0.0218947254681706	0.037731431604357	0.000518773375835575	0.766643187225208	0.00023840340818569	0	0.725579816835149	0.744059357446288
BCRF4_10_15036_689_NL_Ep	0.00836435616879341	0	0.00233349614989134	0.0285411887016449	0.0317541917211162	0.000396472905172372	0.928610294353382	0	0	0.854675496556035	0.625168252500395
BCRF4_10_15038_689_DCIS_2_Ep	0.0540007291847967	0.00352896566361198	0.00133405544438518	0.0066287934653063	0.0283449798669148	0.000454665807147427	0.905687095797417	2.07147704204948e-05	0	0.718455027801914	0.73263675533237
BCRF4_10_15040_689_EN_1_Ep	0.0138003990001379	0	0	0.000505291765314676	0.0114473654193769	0	0.974246943815171	0	0	0.82074753602907	0.646063580896731
BCRF4_10_15042_689_EN_2_Ep	0.0453164655710972	0	0.00053366408756049	0.000754138078592299	0.0191664454680782	8.72716696624592e-05	0.934133274623198	8.74050181111499e-06	0	0.805300886786658	0.666422143030114
BCRF4_10_15052_690_EN_2_Ep	0	0	4.99736417053624e-05	0.000985831395570671	0.0160329841304157	0.000151316508412529	0.982779894323896	0	0	0.755675342156216	0.695317176601343
BCRF4_10_15062_691_EN_2_Ep	0.0114861556383775	0	0.000283456872532443	0	0.0174117119815219	0.000163541910525136	0.970655133597043	0	0	0.771347237154686	0.685501285381036
BCRF4_10_14964_681_ADH_2_Ep	0.0150743381171536	0.00179193073225085	2.90856754393052e-05	0.00437527758496982	0.0326301313252115	0.000400168542213498	0.945662294974783	3.6773047978358e-05	0	0.728307609154616	0.72055050989648
BCRF4_10_15023_688_IBC_Ep	0.129170051569779	0.0217216278873439	0.0141717454572563	0.0322161421672472	0.0300876106890852	0.000651707486661029	0.771687464674954	0.000293650067673369	0	0.722675528723837	0.746042979110045
BCRF4_10_15027_688_NL_Ep	0.0160158122838106	0.000308907195496884	0.000878269704160099	0.0333254803125899	0.04707145016084	0	0.902400080343102	0	0	0.632233306652747	0.787173260274586
BCRF4_10_15029_688_EN_4_Ep	0.0049079726834394	0	0	0.00649239104896819	0.0438076730229047	0.000162366223844463	0.944629597020843	0	0	0.79648653174021	0.67034453684983
BCRF4_10_15031_688_EN_5_Ep	0	0	0	0	0.027654889012243	0	0.972345110987757	0	0	0.515038169912229	0.858431002949982
BCRF4_10_15044_690_NL_Ep	0.0335084578360422	0	0.00115977068215921	0.0726375775751033	0.0265474788228352	0.000353273468870983	0.86565987225579	0.000133569359199305	0	0.838540384701192	0.64263512340813
BCRF4_10_15046_690_EN_1_Ep	0.0287061204104439	0	0	0.00636859492278064	0.0179950182432898	0.000290989759884552	0.946639276663601	0	0	0.832277223124887	0.642292607665677
BCRF4_10_15048_690_IBC_Ep	0	0	0	0.00660425510407922	0.00974532628932519	0.000279651262382456	0.983370767344213	0	0	0.715194279163889	0.724935174238294
BCRF4_10_15050_690_DCIS_Ep	0.0270954321105991	0	0.000327427435218827	0.0245698092992029	0.0211696595237375	0.000386920628434972	0.926450751002807	0	0	0.730891340181749	0.719654786587753
BCRF4_10_15054_690_i_DCIS_Ep	0.088130149928808	0.0232578477358437	0.00747535326359888	0.0474995185815867	0.0277467482078406	0.000696997918190185	0.805193384364132	0	0	0.678309903216556	0.767135267680062
BCRF4_10_15056_691_IBC_Ep	0.0177296247286587	0	0	0.0559624762928263	0.00106261815049453	0.000484512447294983	0.924715470310298	4.52980704278508e-05	0	0.388863057856412	0.931090771023276
BCRF4_10_15058_691_EN_1_Ep	0.0275331382646641	0	0	0.00693129781641115	0.0234654084269357	0.00022554513758889	0.9418446103544	0	0	0.776346470153664	0.6861278256306
BCRF4_10_15060_691_DCIS_Ep	0.000363867087369297	0	0	0	0.0184656394272535	0.000200607739314276	0.980969885746063	0	0	0.837123607000607	0.631100113223012
BCRF4_10_15064_692_IBC_Ep	0.0180469211802891	0.00221213243254735	8.06342227248449e-05	0.0996294564494596	0.00403978835935631	0.000777279264100743	0.875213788091522	0	0	0.713038007848545	0.728152611472461
BCRF4_10_15066_692_DCIS_Ep	0.0754561989343694	0.0178492217314373	0.0164821447909458	0.0542196262843318	0.0288164888693134	0	0.807176319389602	0	0	0.279373598363732	0.97826492958564
BCRF4_10_15068_692_NL_Ep	0.13234767184264	0.0187265682566458	0.0187760854014618	0.0795016867842106	0.126381967894759	0.00484355303093587	0.619422466789347	0	0	0.276229698621202	0.97082466150229
BCRF4_10_15585_744_IBC_Ep	0.0154089294474666	0	0	0.0365893451517096	0.0008916955050192	0.000438113057246127	0.946657219290217	1.46975483418519e-05	0	0.6637121424561	0.762850230656573
BCRF4_10_15587_744_inF-NL_Ep	0.0270704297169567	0	0.00466612703715032	0.0106298206466426	0.0167999754482375	0.000838798436102304	0.939237171296584	0.000757677418326269	0	0.762940645901595	0.696246032431052
BCRF4_10_15589_744_DCIS_Ep	0.109228701655965	0	0	0	0.012533076494426	0	0.878238221849609	0	0	0.681641124639298	0.759480347310107
BCRF4_10_15591_745_CCC_Ep	0.00445843782978661	0	4.57414240556438e-05	0.00647761806815983	0.0250300452960853	0.000209480288714345	0.963764964944625	1.37121485736855e-05	0	0.821199384231307	0.647238475275158
BCRF4_10_15593_745_BBD_Ep	0.012914578482506	0	0.000420388265594095	0.0230439253174885	0.0488788019289603	0.000227552343958495	0.914407408303191	0.000107345358301874	0	0.8048948132308	0.667981736046464
BCRF4_10_15595_745_IP_Ep	0.000295168710895161	0	0	0	0.0231367154518992	0	0.976194129568738	0.000373986268467646	0	0.757816678802952	0.694773256540766
BCRF4_10_15597_746_IBC_Ep	0.0495627407144812	0.00306667288304431	0	0.151200748221855	0.0240718505141063	0.000412966723124945	0.771353234401472	0.000331786541916313	0	0.588509991355255	0.812064889237449
BCRF4_10_15598_746_DCIS_Ep	0	0	0	0	0.00762207864224154	0	0.992377921357758	0	0	0.574545562454179	0.820981432140862
BCRF4_10_15600_746_NL_Ep	0.046059312085236	0	0.00491533580866657	0.0151009654341751	0.0203466232753934	0.000284060742743688	0.913285422885625	8.27976816003766e-06	0	0.893029428083426	0.60049702516778
BCRF4_10_15602_747_IBC_Ep	0.0422279651413579	0	0	0.102693923369236	0.00370520019586818	0.000433317619347345	0.850939593674191	0	0	0.762797950970181	0.694643806077244
BCRF4_10_15604_747_NL_Ep	0.0439440742619277	0.00115390184848065	0	0.0431256355826873	0.0304683443505178	0.00043370040465854	0.880649439151759	0.000224904399968909	0	0.811795509656316	0.666638087954454
BCRF4_10_15606_747_ADH_Ep	0.000150866983650242	0	0	0.00930236911387079	0.0263503904144074	0	0.964196373488072	0	0	0.745718303196338	0.704853986605618
BCRF4_10_15608_747_AM_Ep	0	0	0.000217387677116858	0	0.0204636236104484	0.000123240485538295	0.979195748226896	0	0	0.490125155692573	0.87358818426322
BCRF4_10_15610_748_AM_Ep	0.00993291132106543	0	0	0.0422591953271862	0.0463097498354109	0.000146200144319896	0.901050826853147	0.000301116518870253	0	0.400377568738255	0.922755620543998
BCRF4_10_15612_748_DCIS_Ep	0	0	0	0	0.00432295945651959	0	0.99567704054348	0	0	0.485834275564557	0.876603499029851
BCRF4_10_15614_748_IBC_Ep	0	0	0	0.0605345009891573	0	0	0.939465499010843	0	0	0.500419128160156	0.867108398774546
BCRF4_10_15616_749_IBC_Ep	0.0258241116243016	0.00157963343219621	0	0.225049917100859	0.0240529752619786	0.000622075332333416	0.722174409030731	0.000696878217600546	0	0.685621980637346	0.736995933974761
BCRF4_10_15617_749_DCIS_Ep	0	0	0	0.0311571803144122	0.00505670380035059	0	0.963786115885237	0	0	0.4405720599062	0.902842211002072
BCRF4_10_15618_749_LVI_Ep	0.0068864179965406	0	0	0	0.00630757550956544	0	0.986806006493894	0	0	0.37096946037613	0.943087765092885
BCRF4_10_15622_750_NL_Ep	0	0	0.000656994245095278	0.0663694324920816	0.041058218230056	0.000204726825680306	0.891670312277398	4.0315929689313e-05	0	0.880328129819384	0.603752720576607
BCRF4_10_15624_750_IBC_Ep	0.0166036249645757	0	0	0.0675072798760067	0.00320121526102948	0.000350847836859962	0.912337032061528	0	0	0.624510810822605	0.789208796825931
BCRF4_10_15626_750_DCIS_Ep	0	0	0	0	0.00176739502377999	0	0.99823260497622	0	0	0.623561927094907	0.788324265708743
BCRF4_10_15628_751_NL_Ep	0.0348569284506315	0	0	0.0154676230246134	0.0226808235471848	0.000230491042651035	0.926764133934919	0	0	0.827190178874616	0.649595532440567
BCRF4_10_15630_751_IBC_Ep	0	0	0	0.0343084348845034	0.00241434360639824	0	0.963277221509098	0	0	0.423315693767552	0.912930688207496
BCRF4_10_15632_751_ADH_Ep	0.033243528478942	0	0	0.00986986253036161	0.0164496295268644	0.000243987976432828	0.940165407111669	2.75843757303554e-05	0	0.841740595558584	0.635800719755765
BCRF4_10_15634_751_CCC_Ep	0.00801311378895479	0	0.000220435768631279	0.00691821104883755	0.0207057033945947	0.000245838161873201	0.963828718871286	6.79789658223793e-05	0	0.843282572706167	0.629261071558604
BCRF4_10_15636_752_IBC_Ep	0.0621569835037227	0	0	0.0215315882851795	0.0134365119942217	0.000592731189015685	0.902282185027861	0	0	0.579051365237086	0.820602030564834
BCRF4_10_15638_752_DCIS_Ep	0.0328717311930667	0.000536221442760661	0.00519345120096919	0	0.016675996253181	0.000367544091467919	0.944355055818555	0	0	0.563737790134435	0.829024289597017
BCRF4_10_15639_752_NL_Ep	0.0111509205528143	0.00143811590866176	0.00272422796215674	0.00749652426627429	0.0362985498273876	0.000394696600124414	0.940463353416688	3.36114658930665e-05	0	0.764920847067772	0.694772159116472
BCRF4_10_15640_752_BBD_Ep	0.0255559066543274	0.00657246628676155	0.00403063933653914	0.0026780561783422	0.04714276825599	0.000612733706076209	0.912343234022364	0.00106419555960003	0	0.770576753289894	0.696201069861012
BCRF4_10_15644_753_DCIS_Ep	0	0	0	0.00308416023715466	0.00925976588209146	0	0.987656073880754	0	0	0.678293294966841	0.751132893179894
BCRF4_10_15646_753_IBC_Ep	0.0362095299505037	0	0	0.0665252029844347	0.0376197302850598	0	0.859645536780002	0	0	0.696171049995174	0.746598379213495
BCRF4_10_15647_753_NL_Ep	0.113495972184239	0	0.000395988680920083	0.0104380284314025	0.0247866567562477	0.000286780699164693	0.850596078196524	4.95051501687426e-07	0	0.78057813554633	0.69794509920177
BCRF4_10_15649_754_IBC_Ep	0.000499603737290346	0	0	0.0434971622735126	0.00401381031131325	0	0.951989423677884	0	0	0.713106908929631	0.72698822571802
BCRF4_10_15651_754_ADH_Ep	0.0237653064660151	0	0	0	0.00549423777210503	0	0.97074045576188	0	0	0.706672597539507	0.732985934477432
BCRF4_10_15653_754_EN_1_Ep	0.0302218547394219	0	0.0003077100466181	0.00926220330055752	0.0245986388895735	0.000304908638340162	0.935133597172656	0.000171087212832806	0	0.76271284262225	0.697073738000731
BCRF4_10_15655_754_DCIS_Ep	0	0	0	0	0.00490651459013417	0.000294514325017523	0.994798971084848	0	0	0.688242595755314	0.743547175279677
BCRF4_10_15657_754_EN_2_Ep	0.0301974609415048	0	0	0.0164654825502868	0.0153399672457048	0.000354823760731306	0.937561731495066	8.0534006706357e-05	0	0.752040919290493	0.703731095079805
BCRF4_10_15659_755_EN_Ep	0.00053899997230877	0	0	0	0.0119954648672912	0	0.9874655351604	0	0	0.840443907023537	0.626827334512002
BCRF4_10_15661_755_DCIS_inf_1_Ep	0.241702920990471	0.0365032355584645	0.00372592802241009	0.0171910848490531	0.0147685755685123	0.00059643230841341	0.685466104548088	4.57181545875206e-05	0	0.672827022980041	0.780558277485285
BCRF4_10_15663_755_IBC_Ep	0.131480870336485	0.0364461789164079	0.00155154126548079	0.000461110885853861	0.00276167808468155	0.000817122184862144	0.826481498326228	0	0	0.612121267753956	0.806395690622709
BCRF4_10_15665_755_DCIS_inf_2_Ep	0.0785450060852626	0.0262447591219826	0.00436733251493155	0	0.00875884249777534	0.000557197779517185	0.881526862000531	0	0	0.54291127934112	0.843264059384695
BCRF4_10_15667_755_NL_Ep	0	0	0	0.00443724150651304	0.0139204293737453	0.000384967941126268	0.981257361178616	0	0	0.84702171002424	0.622229478429815
BCRF4_10_15669_756_NL_Ep	0.0401914212605812	0	0.00155132150252222	0.0109222095606843	0.0264142308807468	0.00048824136332204	0.920213422937962	0.000219152494181612	0	0.911022611291905	0.583885932164503
BCRF4_10_15671_756_EN_1_Ep	0.0165421722757704	0	0.000571714047029943	0	0.014993468520648	0.000434017746078825	0.967458627410473	0	0	0.825161000026601	0.644053298929471
BCRF4_10_15673_756_IBC_Ep	0.114189942135358	0.0389516802979115	0.00157670605455008	0.00215904447424492	0.00058509731185269	0.00075273088871347	0.841784798837369	0	0	0.542999650040006	0.844402903122819
BCRF4_10_15675_756_UDH_1_Ep	0.0284286901717154	0	0.000289044923700713	0	0.0125646635116521	0.000336207245862853	0.958349154000909	3.22401461602699e-05	0	0.784465856931675	0.677703269759185
BCRF4_10_15677_756_EN_2_Ep	0.0367747578013599	0	0	0.065985151757229	0.0398227534359364	0	0.857417337005475	0	0	0.627914106764551	0.790674175837847
BCRF4_10_15679_756_UDH_2_Ep	0.0176140878691489	0	7.46626965376673e-05	0.0015562921128959	0.0174771872726716	0.000499856932693066	0.962648643565272	0.00012926955078081	0	0.78287828663921	0.678007107030993
BCRF4_10_15681_757_DCIS_Ep	0	0	0	0	0.0148181735295812	0.000300938987304158	0.984880887483115	0	0	0.677901304291634	0.75180295897843
BCRF4_10_15683_757_IBC_Ep	0.0044805859718497	0	0	0.0427334901801741	0.002156279979281	0.000500082245056746	0.950129561623638	0	0	0.729956110973045	0.715077829191052
BCRF4_10_15685_757_NL_Ep	0.00860765167872906	0.000126841267197173	0.000392666970835086	0.058889451949719	0.00994281680246518	0.000420044345798675	0.921547413151317	7.31138339385394e-05	0	0.887506709375156	0.592122188831935
BCRF4_10_15687_757_UDH_Ep	0.00475320754175633	0	0	0	0.0119626021670563	0.000178407203448561	0.983105783087739	0	0	0.906492161082013	0.569776786230564
BCRF4_10_15689_757_CCC_Ep	0	0	0	0	0.010254182232254	0.000215243070255154	0.989530574697491	0	0	0.882562789237032	0.589644653200094
BCRF4_10_15691_757_EN_Ep	0	0	0	0.00105602992366636	0.0221598285520528	0.000266847156240206	0.976517294368041	0	0	0.919396811659942	0.559640762085085
BCRF4_10_15693_758_DCIS_1_Ep	0.0128221621362826	0	0	0	0.0282446435301857	0.000303963958397036	0.958629230375135	0	0	0.700320605468076	0.73882571456828
BCRF4_10_15695_758_IBC_1_Ep	0.0286962534759113	0	0	0.0371061635470927	0.00799047396062417	8.1020109643298e-05	0.926126088906729	0	0	0.459547561900079	0.890556748699818
BCRF4_10_15697_758_NL_Ep	0.0631382036108679	0.000263527750574717	0	0.0470781948333239	0.0271203964771839	0.000365721477309274	0.86203395585074	0	0	0.82673783815242	0.658580485682387
BCRF4_10_15703_758_EN_Ep	0.0661063899495461	0	0	0.0257293639741834	0.0194907236682792	0.000334951504995267	0.888338570902996	0	0	0.881603024670425	0.614375847398985
BCRF4_10_15709_760_UDH_Ep	0.0052765974112907	0	0	0	0.0235030296467052	0.000321054468153202	0.970899318473851	0	0	0.814231856698347	0.652002747911392
BCRF4_10_15713_760_IBC_Ep	0.0525305498263251	0.0159265398971891	0	0.0107195233265755	6.38759606784234e-05	0.00018637453211378	0.920573136457118	0	0	0.612136088019284	0.799936900727526
BCRF4_10_15715_760_EN_1_Ep	0.0440626806259394	0	0.000841906058318693	0.0185696693003005	0.0380642894769909	0	0.89846145453845	0	0	0.759604891039114	0.704375850672943
BCRF4_10_15717_760_NL_Ep	0.0137066986576347	0.00125483857751189	0.00201802176921984	0.0884642914202425	0.0188630076211864	0.000419731265806755	0.875273410688398	0	0	0.731383986320124	0.717000835849672
BCRF4_10_15733_762_DCIS_2_Ep	0.0139302198507969	0	0	0.00135055703540822	0.00746450375342166	0.000589358832478197	0.976588504570641	7.68559572540904e-05	0	0.702967753944161	0.734890889059195
BCRF4_10_15699_758_DCIS_2_Ep	0.0118833181286664	0	0	0	0.0177205568163993	0	0.970396125054934	0	0	0.678837968011787	0.752529420058703
BCRF4_10_15701_758_IBC_2_Ep	0.0795675834868487	0	0.00666221388933944	0.227476888679301	0.0356353351792458	0.000881751185191292	0.649760480558633	1.57470214411257e-05	0	0.676864144150835	0.746809443597972
BCRF4_10_15705_759_DCIS_Ep	0	0	0	0.0246251005821259	0.00697664937755055	0.000360262450716147	0.968037987589607	0	0	0.585048961802533	0.814336168811874
BCRF4_10_15707_759_IBC_Ep	0	0	0	0.0850925445383744	0	0.000406375136671095	0.914457577535052	4.35027899024374e-05	0	0.589103430940139	0.811167292831712
BCRF4_10_15711_760_EN_2_Ep	0.0358958665160846	0	0.00067757607085627	0.00265499991408284	0.0158342589995388	0.000395939638725274	0.944409260214446	0.000132098646266256	0	0.800302843413143	0.668052027594803
BCRF4_10_15719_761_IBC_Ep	0.0742137938511187	0.0039787585462081	0	0.208772464460624	0.0258673676695612	0.000699001738042364	0.686001909002863	0.000466704731582739	0	0.750215420182113	0.69340743757418
BCRF4_10_15721_761_DCIS_Ep	0.0636312855914657	0.00212151407896602	0	0.0196492938333611	0.0069334562455492	0.000878965745025778	0.906785484505632	0	0	0.532704813104442	0.848071054057913
BCRF4_10_15723_761_EN_1_Ep	0.00827366331106018	0	3.97757417585805e-05	0.00239107675266031	0.0261576275973579	0.000338526054726986	0.962799330542436	0	0	0.791628808301933	0.671131667593311
BCRF4_10_15725_761_ADH_Ep	0.00520289440830223	0	0	0.00773130633781944	0.0407958056350698	0.000315154696008478	0.9459548389228	0	0	0.769426141604325	0.690327351173419
BCRF4_10_15729_762_IBC_Ep	0.0638317356329337	0	0	0	0.0105589873425568	0.000173726807943201	0.925435550216566	0	0	0.670303189379599	0.762482047486838
BCRF4_10_15731_762_DCIS_1_Ep	0.037730024624877	0.00169074344280651	0	0	0.0148356103068133	0	0.945743621625503	0	0	0.670433933191368	0.760613059936501
BCRF4_10_15735_763_IBC_Ep	0.114259422986586	0.0158328363505567	0	0	0.0189592837532445	0.000427768356342037	0.85052068855327	0	0	0.726589636079138	0.734814595924999
BCRF4_10_15737_763_ADH_Ep	0.039820720482093	0	6.98923828867539e-05	0.000645755035440118	0.0352914411935115	0.000387780284174007	0.923761991914059	2.24187078360064e-05	0	0.757180748088026	0.703590704660659
BCRF4_10_15739_763_NL_1_Ep	0.00847156441156457	0	0.00130629303798802	0.0363363657298706	0.041397769425124	0.000454043908914989	0.911932720904657	0.000101242581880737	0	0.73608210714374	0.71661521960763
BCRF4_10_15741_763_EN_Ep	0.049240563792348	0.00892540961639087	0.0105738456572827	0.0316687178697246	0.0295649638330066	0.000596712746475381	0.868707580030098	0.000722206454673503	0	0.79327462320572	0.685121960905136
BCRF4_10_15745_764_IBC_Ep	0.110737613377263	0.0108054319868384	2.7618983687817e-05	0	0.0106430360816145	0	0.867786299570597	0	0	0.720420038327449	0.736178921985076
BCRF4_10_15747_764_DCIS_1_Ep	0.0177610739438392	0.000538353714217852	0	0	0.0110869560261939	0.000406003899394814	0.970207612416354	0	0	0.701514596502185	0.736719918687021
BCRF4_10_15749_764_LVI_Ep	0.0123433769053263	0	0	0	0.00409879807004195	0.000297692807666216	0.983260132216966	0	0	0.684355864075606	0.747450081373047
BCRF4_10_15751_764_DCIS_2_Ep	0.00521338147227091	0	0	0	0.00477605689747897	0.000294335225265426	0.989716226404985	0	0	0.703636770964045	0.733010768531651
BCRF4_10_15753_764_EN_Ep	0.0168155723745729	0	0.000474974457812998	0	0.0166799594749137	0.000309526249897229	0.965719967442803	0	0	0.736867876419744	0.71192294880472
BCRF4_10_15755_764_NL_Ep	0.00285863027216883	0	0.00151241196744247	0.0215546468752975	0.0369154355782861	0.000559164085242978	0.936489777085627	0.000109934135934745	0	0.743664395190679	0.709313515072904
BCRF4_10_15757_765_IBC_Ep	0.00431491973421971	0	0.00312805649932939	0.176615196215111	0.00200490305021299	0.000791533716994177	0.811747696890673	0.00139769389346025	0	0.619629017022911	0.787957212933554
BCRF4_10_15759_765_DCIS_Ep	0.02153209572248	0	3.92355117478055e-05	0	0.0101757740634717	0.000279506205725613	0.967951880779785	2.15077167899258e-05	0	0.520230244832073	0.855260881509743
BCRF4_10_15761_765_EN_1_Ep	0.00282697432661855	0	0	0.00262315377098906	0.0364502687011891	0	0.957884179088825	0.000215424112378606	0	0.71308869974757	0.72973069640913
BCRF4_10_15765_765_NL_Ep	0.052781744012612	0	0.000655076731895755	0.0209322010507942	0.0382779005806654	0.000431066720130518	0.886922010903902	0	0	0.755335779997806	0.708936440939315
BCRF4_10_15767_766_NL_Ep	0.0239245646993339	0	0.00731875496842635	0.0132616042960336	0.0193405853518494	0.000374000859177458	0.935780489825179	0	0	0.721716893892204	0.725989824555515
BCRF4_10_15769_766_inf_NL_Ep	0.0798174058201513	0.0311276705183716	0.0163165089634278	0.0313441224165272	0.0407039688347109	0	0.800690323446811	0	0	0.760174100337568	0.720495024904741
BCRF4_10_15771_766_IBC_Ep	0.0941024852574325	0.00381207249848567	0.00389170148400064	0.0479863454133887	0.00285157157626962	0	0.847355823770423	0	0	0.618433867613224	0.798525916532615
BCRF4_10_15773_766_AM_Ep	0	0	0	0	0.0240394713647754	0	0.975960528635225	0	0	0.419283396911014	0.914993341872372
BCRF4_10_15775_766_EN_Ep	0.0538950678803432	0	0.0112998202964758	0.0089238231317149	0.040576460929522	0.000385823952986875	0.884919003808957	0	0	0.755076849227925	0.710966204127808
BCRF4_10_15777_767_IBC_Ep	0.00384123141961331	0	0	0.0371548921994328	0.00463632338382406	0.000332819751505811	0.954034733245624	0	0	0.719217989233049	0.723014728236645
BCRF4_10_15779_767_DCIS_Ep	0.0302294578348459	0	0	0	0.0119284123896104	0	0.957842129775544	0	0	0.670512303783598	0.759414348829024
BCRF4_10_15781_767_AM_2_Ep	0.00373057425743118	0	0	0	0.056394464069953	0	0.939874961672616	0	0	0.474560805587639	0.881923804105072
BCRF4_10_15783_767_ADH_Ep	0.0350468401131181	0	0.0003609833803451	0	0.0485900406121995	0.000334561798791384	0.915667574095546	0	0	0.769121765648158	0.696494773079653
BCRF4_10_15787_767_NL_Ep	0.0309925761878588	0	0.000340870078887712	0.00046989323556647	0.0301543543894018	0.000280038482053069	0.937754723107269	7.54451896296848e-06	0	0.788827259328812	0.678175953999974
BCRF4_10_15789_768_IBC_Ep	0.392830872487784	0.0307575057692282	0	0.088364913360933	0.0325623940139281	0.0012237426224412	0.454260571745685	0	0	0.687018268306751	0.768338985047339
BCRF4_10_15791_768_NL_Ep	0.0209102540129078	0	0	0.0228397325104641	0.0371342278623789	0.000337864391721011	0.918777921222528	0	0	0.834066469242061	0.644900105955016
BCRF4_10_15795_768_EN_2_Ep	0	0	0	9.68930076221568e-06	0.0231214987867398	2.27707620133652e-05	0.976846041150485	0	0	0.685203521983301	0.747426920594569
BCRF4_10_15797_768_EN_3_Ep	0.0432899283931268	0	0.000919101540750656	0.0025406447810522	0.0329951069684599	0.000334229230836024	0.919920989085774	0	0	0.806867493679055	0.668017136470595
BCRF4_10_15799_769_IBC_Ep	0.0458944507994161	0.00496577287588567	0	0.0187989082193956	0.0127646704514864	0.000315842436436031	0.91726035521738	0	0	0.725153726663622	0.725554202003293
BCRF4_10_15801_769_DCIS_1_Ep	0.0591073769167489	0	0.000824968183201236	0.00448704040795706	0.0281365845157185	0	0.907444029976374	0	0	0.696090630695738	0.747294062125574
BCRF4_10_15805_769_EN_1_Ep	0.00853701851820096	0	0.000318118270028769	0.000656008764802448	0.0205438340808212	0.000216761886717476	0.9697067292291	2.15292503291855e-05	0	0.809177227726757	0.656244260746952
BCRF4_10_15809_769_NL_Ep	0.0225228277176849	0	0.000919540893526673	0.0102388384033628	0.0343988793420141	0.000405602015275871	0.931511888006347	2.42362178868082e-06	0	0.640087151689001	0.781294580813859
BCRF4_10_15811_769_EN_4_Ep	0.0046078312060287	0	0	0	0.016538968248883	4.08114499696829e-05	0.978812389095119	0	0	0.720847406355702	0.721796956247749
BCRF4_10_15817_769_AM_Ep	0	0	0	0	0.0176889697836557	0	0.982311030216344	0	0	0.387887122479088	0.933240270663055
BCRF4_10_15785_767_AM_1_Ep	0	0	0.000338606796515748	0	0.0334758374762431	0	0.966185555727241	0	0	0.443941900045436	0.900353617115001
BCRF4_10_15793_768_EN_1_Ep	0.0336862480250294	0	0	0	0.0133909739440698	0.000229352242808025	0.952675449362215	1.79764258781375e-05	0	0.720607735592977	0.725322910310109
BCRF4_10_15803_769_DCIS_2_Ep	0.0363015431864178	0.00605280651462255	0.00102882676744691	0.00155392106505668	0.0195981742337867	0	0.935464728232669	0	0	0.700193233416364	0.741659300812324
BCRF4_10_15807_769_EN_3_Ep	0.0107757290871815	0	0	0.00233120774749476	0.0184469547292529	0	0.968446108436071	0	0	0.722215891128399	0.721989924741439
BCRF4_10_15815_769_EN_6_Ep	0.00383267170661576	0	0	0	0.0159596152321381	0.000213543205415519	0.979994169855831	0	0	0.740928727158588	0.70688072843668
BCRF4_10_15819_770_DCIS_Ep	0	0	0	0	0.000905813152516024	0	0.999094186847484	0	0	0.527847949276633	0.85070579138244
BCRF4_10_15821_770_IBC_Ep	0.0146533952178898	0	0	0.051916480836425	0.00131760979162719	0.000293131175016978	0.931819382979041	0	0	0.548431455626092	0.837668645699094
BCRF4_10_15823_770_EN_1_Ep	0.014055849709188	0	0.000664734856822494	0.00172155102817567	0.0200156574557645	0.000342746082446314	0.963063414481644	0.00013604638595933	0	0.871159713588171	0.606790844132056
BCRF4_10_15825_770_NL_Ep	0.0290268210728916	0.00199895682676084	0.00159474584335584	0.0159068398805745	0.0227497824560245	0.000462726914900231	0.92803772333973	0.000222403665762949	0	0.810099169696281	0.662556611025083
BCRF4_10_15829_771_EN_4_Ep	0.00150382197461374	0	0	0.00492561151116922	0.0204455375313477	0.000216518419767167	0.972751521301199	0.000156989261903459	0	0.821157803067792	0.645513914032952
BCRF4_10_15835_771_DCIS_3_Ep	0.0336531480346753	0	0	0	0.0148713098687847	0.000160328930144461	0.951315213166396	0	0	0.699914722057992	0.739952998109718
BCRF4_10_15831_771_NL_Ep	0.0141249015003146	0	0.000468830807776797	0.0403728389779025	0.0737697116917902	0.000452100050925538	0.870682369060194	0.000129247911096416	0	0.759812510586024	0.705588051450827
BCRF4_10_15833_771_EN_2_Ep	0.0220407626647844	0	0	0.00765678238067253	0.0208506727599934	0.000207903200099906	0.949211752160301	3.21268341489168e-05	0	0.876960668651225	0.604808885496764
BCRF4_10_15839_771_DCIS_1_Ep	0	0	0	0	0.00307026777860275	0	0.996929732221397	0	0	0.676798112945057	0.751507355660499
BCRF4_10_15843_771_IBC_Ep	0.00336121605132011	0	0	0.0801015806309538	0.020146341996507	0.000292492466249642	0.89609836885497	0	0	0.735781622733838	0.712439275145004
BCRF4_10_15727_761_EN_2_Ep	6.71346729999731e-05	0	0	0.0171727685258595	0.0343659036885629	0.000196221039534928	0.948197972073043	0	0	0.848909287397289	0.626782767573331
BCRF4_10_15743_763_NL_2_Ep	0.0607773409051701	0.00566530187078622	0.0116841108658557	0.0171860739851367	0.0589618890643639	0.000534906926046228	0.844979274920817	0.00021110146182401	0	0.640875055887921	0.787895865438753
BCRF4_10_15763_765_EN_2_Ep	0.174935959199051	0.000120215648951139	0.00953270030151991	0.0357397226212208	0.0623834101244925	0	0.717197513142757	9.04789620076475e-05	0	0.764286443067433	0.725856640738178
BCRF4_10_15813_769_EN_5_Ep	0.00246258236090956	0	0	0.000978404124697158	0.0216051726174752	0.000245450474753816	0.974708390422164	0	0	0.712275479453018	0.728418103789836
BCRF4_10_15827_771_EN_3_Ep	0.0348939559051835	0	0	0	0.0140840454251224	0.000248788303145116	0.950773210366549	0	0	0.765723064820773	0.693029242365425
BCRF4_10_15837_771_EN_1_Ep	0	0	0	0	0.0124940526581481	0.00018463688159039	0.987321310460262	0	0	0.755959931753999	0.694487626754106
BCRF4_10_15841_771_DCIS_2_Ep	0.0263409033286952	0	0	0	0.0255747344646213	0	0.948084362206684	0	0	0.608234370360043	0.801029862811169
BCRF4_10_15845_772_IBC_Ep	0	0	0	0	0.00373236037857449	0.000300618646076844	0.995967020975349	0	0	0.466577526743738	0.888240527768496
BCRF4_10_15847_772_DCIS_1_Ep	0	0	0	0.0727720726859927	0.0052784079408295	0.00069700474720287	0.921252514625975	0	0	0.581710062355075	0.816277003987047
BCRF4_10_15849_772_DCIS_2_Ep	0	0	0	0	0.0018730301782105	0.000404814998837472	0.997722154822952	0	0	0.663469610816399	0.76085077077149
BCRF4_10_15851_772_EN_1_Ep	0.00137228405627945	0	0	0.0274663998533957	0.0379013825289094	0	0.933259933561415	0	0	0.615173469531051	0.796327552537521
BCRF4_10_15853_772_EN_2_Ep	0.0299584909081553	0	8.11366399129504e-05	0.047037457113725	0.0440405831718289	0	0.878882332166378	0	0	0.806494563312469	0.669995428027419
BCRF4_10_15855_772_EN_3_Ep	0	0	0	0.00343808174445516	0.00439284633834112	0.000610459390125229	0.991558612527078	0	0	0.669043116372032	0.757293400084567
BCRF4_10_15857_772_EN_4_Ep	0	0	0	0	0.00236323030646129	0	0.997636769693539	0	0	0.623078556378651	0.788681759079565
BCRF4_10_15859_772_NL_Ep	0.0486960635772733	0	0.00380472813188701	0.0792859907472729	0.019635313932626	0.000597793106876805	0.847796818357624	0.000183292146440226	0	0.785537649634893	0.684328900774483
