Mixture	Myeloid_cell	T_cell	pDC	Fibroblast	Endothelial_cell	B_cell	Cancer_cell	Mast_cell	P-value	Correlation	RMSE
BCRF1_3&EN_11771_354_EN_S_S2_R1_001	0.113933109801002	0	0.0235182704561809	0.545716549159733	0.296354050810213	0.00678410564319367	0.0122175420108442	0.00147637211883311	0	0.425258278529752	1.03355653294256
BCRF1_3&EN_11773_354_IDC_S_S4_R1_001	0.286771464912316	0.0360904665469783	0.00567006145505552	0.621440924029269	0.0466377015214764	0.00247774735613344	0.000911634178771628	0	0	0.879419916592838	0.497653868092279
BCRF1_3&EN_11775_354_RS1_S_center_S6_R1_001	0.164352126726777	0.0114137397532897	0.0177407984697639	0.718879257169281	0.0826288080638398	0.00352717598360581	0.0014580938334437	0	0	0.859071957811233	0.595425648661167
BCRF1_3&EN_11777_354_RS1_S_peripheral_S8_R1_001	0.125852170143661	0.0114909346405644	0.00240780018636348	0.549983909079048	0.301872650072203	0.00477423929383651	0	0.00361829658432324	0	0.686436934562514	0.768033822480914
BCRF1_3&EN_11779_354_RS2_S_center_S10_R1_001	0.150443326087349	0.0181212868861058	0.00885382238373725	0.464378136395766	0.232365283562057	0.00454246885189899	0.121295675833086	0	0	0.704497318448915	0.716542155498635
BCRF1_3&EN_11781_354_RS2_S_peripheral_S12_R1_001	0.0670883961301013	0	0	0.509951404092337	0.333396993060927	0.00444873011743133	0.0851144765992033	0	0	0.498407141875395	0.947801935211797
BCRF1_3&EN_11783_354_NL_S_S14_R1_001	0.13228794368013	0.033332659070974	0.0142465780515776	0.48002970132339	0.31015684696575	0.00675277600211309	0.0204641770126118	0.00272931789345284	0	0.350936902965281	1.05134452735951
BCRF1_3&EN_11785_355_RS1_S_center_S16_R1_001	0.13502907795977	0.0211975591038309	0.0173068937973439	0.750613816231502	0.0489180588258986	0.00424518273468683	0.020433370734734	0.0022560406122333	0	0.951855474822136	0.400129530302039
BCRF1_3&EN_11787_355_RS1_S_peripheral_S18_R1_001	0.11007144111281	0	0	0.643442855846676	0.23262439902623	0.00426760967381491	0.00959369434046956	0	0	0.620615689658873	0.900349297814149
BCRF1_3&EN_11790_355_RS2_S_center_S21_R1_001	0.112171493213777	0.0364656138302999	0.024782836129085	0.636276557581231	0.0773768638167846	0.0041195124222658	0.108807123006557	0	0	0.908117437357962	0.439156247024039
BCRF1_3&EN_11792_355_RS2_S_peripheral_S23_R1_001	0.0981755589614296	0.000331080353686432	0.00122705895416213	0.738614459001492	0.139226844149005	0.00387567418546841	0.0183608546505572	0.000188469744199845	0	0.823799440328719	0.679306410866275
BCRF1_3&EN_11795_355_NL_S_S26_R1_001	0.0578537979321646	0.0159558321016362	0.00709136927343226	0.772762082831875	0.134086093195796	0.0043754998178532	0.0078753248472424	0	0	0.839156457274292	0.680428147858914
BCRF1_3&EN_11797_355_RS3_S_center_S28_R1_001	0.114370720381222	0.00523841771552083	0.000886595524091449	0.70522524435611	0.091677813574806	0.00339412310568027	0.0792070853425699	0	0	0.932245938239573	0.420894861494914
BCRF1_3&EN_11799_355_RS3_S_peripheral_S30_R1_001	0.11853643877503	0.00406093338606597	0	0.741866415723066	0.13095683931931	0.00338726839419976	0.00119210440232841	0	0	0.845902050178358	0.641332419957459
BCRF1_3&EN_11803_356_RS1_S_center_S33_R1_001	0.180120911128248	0.0291898145564137	0.00763016323295619	0.652283845766197	0.123013895310051	0.00430795447064455	0.00345341553548904	0	0	0.843955594749456	0.580809091405144
BCRF1_3&EN_11805_356_RS1_S_peripheral_S35_R1_001	0.0813736234905641	0	0.012262123360134	0.790199229754458	0.110530262297718	0.00383944579729326	0	0.0017953152998333	0	0.952568150730762	0.442797849067688
BCRF1_3&EN_11807_357_NL_S_S41_R1_001	0.0640620652021255	0.00249473130696934	0	0.759221795212883	0.15096898929072	0.00681079525795837	0.0164416237293438	0	0	0.796005802218102	0.744807025735701
BCRF1_3&EN_11809_357_RS1_S_center_S33_R1_001	0.12881975011627	0	0.0293512188518467	0.762687100115693	0.0613233704488526	0.00634914712263677	0.0114694133447007	0	0	0.925051593073801	0.485956046137553
BCRF1_3&EN_11811_357_RS1_S_peripheral_S42_R1_001	0.190970740319666	0	0.00850913075570972	0.488246699309689	0.260242982954315	0.00614245223122783	0.0437877749048851	0.00210021952450748	0	0.585275129832554	0.850277516080603
BCRF1_3&EN_11814_358_NL_S_S37_R1_001	0.137818742600865	0.0104298459714996	0	0.581673422412683	0.185981128313108	0.0024292818461523	0.079786930425318	0.00188064843037422	0	0.685247818229144	0.781188023223642
BCRF1_3&EN_11816_358_EN_S_S39_R1_001	0.156171075281717	0.0412918483507685	0.00402995530324304	0.489025067494422	0.120698258589577	0.00321111493452706	0.185572680045745	0	0	0.852819135930991	0.523368356508278
BCRF1_3&EN_11818_358_RS1_S_center_S41_R1_001	0.133947847372436	0.0364746678956483	0.0177415421652172	0.659084407452155	0.129839508032957	0.0032030574083873	0.0157349049150509	0.0039740647581483	0	0.936892896109555	0.376926043363703
BCRF1_3&EN_11820_358_RS1_S_peripheral_S43_R1_001	0.192956565778316	0.0366571294619668	0.0177858215075851	0.596009810807506	0.139539076189483	0.00211211022077587	0.0148313512847774	0.000108134749590054	0	0.802701517335254	0.623342285713346
BCRF1_3&EN_11822_358_IBC_S_S45_R1_001	0.174398923854327	0.0851134196569626	0.0171944427359002	0.365241744961874	0.0282355338806352	0.00456180449105117	0.324412160342885	0.000841970076365807	0	0.762796310573212	0.655708401647289
BCRF1_3&EN_11824_358_RS2_S_center_S47_R1_001	0.0794630476326859	0.0225678214149352	0.0195811045950978	0.810460554115551	0.0637217142968695	0.00420575794486077	0	0	0	0.943361318209654	0.486594577413521
BCRF1_3&EN_11826_358_RS2_S_peripheral_S49_R1_001	0.117876313264004	0.00560914710631615	0	0.581734158343097	0.28938888322694	0.00365651321647337	0.000102846806795802	0.00163213803637438	0	0.665396352856025	0.809579554530055
BCRF1_3&EN_11828_359_RS1_S_center_S51_R1_001	0.117055800245195	0.0306023746635603	0.0108835513640693	0.65169434744468	0.150659138646247	0.00383387095127506	0.0330199431205591	0.00225097356441373	0	0.807914606095951	0.643274036594864
BCRF1_3&EN_11830_359_RS1_S_peripheral_S53_R1_001	0.142959782532018	0.0135594399966528	0.00873005112923239	0.308649359780468	0.438338430652078	0.0101968056467691	0.0751434767814518	0.00242265348132976	0	0.249153642433287	1.0380904800027
BCRF1_3&EN_11834_359_RS2_S_center_S56_R1_001	0.102685503966142	0.0212885058728411	0.0165855284293927	0.737582455511248	0.0632633132717233	0.00590765826060846	0.0508301864251338	0.00185684826291005	0	0.891795545156665	0.541713482513685
BCRF1_3&EN_11836_359_RS2_S_peripheral_S58_R1_001	0.103264400169921	0.0120101741251465	0	0.651381031306705	0.210579498105524	0.00409179021835941	0.017506559586669	0.00116654648767475	0	0.755533297741478	0.727789440039459
BCRF1_3&EN_11839_360_RS1_S_center_S43_R1_001	0.0880314017298855	0.0227282629109466	0.0111559318329864	0.805906021167576	0.0547762886416137	0.00823350779338083	0.00916858592361056	0	0	0.932720881472544	0.509089482411701
BCRF1_3&EN_11841_360_RS1_S_peripheral_S36_R1_001	0.0683677493447488	0.0010833986520684	0.0111643284463055	0.422649303163155	0.423803239169251	0.00812532942196603	0.0593953743365529	0.00541127746595176	0	0.544320271400126	0.869210567868177
BCRF1_3&EN_11843_360_NL_S_S53_R1_001	0.0902700154212563	0	8.52313737427484e-05	0.552814082159744	0.327927376852603	0.00493657253607215	0.0217434302802875	0.00222329137629444	0	0.609074145953882	0.86012404568391
BCRF1_3&EN_11845_361_RS1_S_center_S31_R1_001	0.103655964252186	0.0179234630457128	0.0114221063370734	0.698184630096711	0.111704321051147	0.00861024961994997	0.0484992655972201	0	0	0.784038551851728	0.712110079640561
BCRF1_3&EN_11847_361_RS1_S_peripheral_S35_R1_001	0.0717721247814586	0.0057872400612896	0.00623402297846771	0.564878179452206	0.27587110827731	0.00821389781784962	0.065131210299659	0.00211221633176042	0	0.749811585078152	0.692246824762345
BCRF1_3&EN_11849_361_RS2_S_center_S20_R1_001	0.0738032393157977	0.0252844609260942	0.0148586288638738	0.795322956953304	0.0669822139499167	0.00917356262979613	0.0100620530798408	0.00451288428137633	0	0.804810318155061	0.757194400391078
BCRF1_3&EN_11851_361_RS2_S_peripheral_S45_R1_001	0.0781433215512086	0.00819684130831489	0.0284593455163542	0.632108316156663	0.245616561293744	0.0074756141737152	0	0	0	0.7798551541049	0.680360225765013
BCRF1_3&EN_11853_361_RS4_S_center_S29_R1_001	0.13142351119325	0	0.0148914599914289	0.676669246852677	0.0475706155290823	0.00778328843975145	0.117312805391752	0.0043490726020586	0	0.821755792396102	0.634296522955734
BCRF1_3&EN_11855_361_RS4_S_peripheral_S25_R1_001	0.11668388873988	0.0283002363930063	0	0.601601341310246	0.211851657494034	0.00878224006441942	0.0292339827262492	0.00354665327216419	0	0.644623778304876	0.841448254434099
BCRF1_3&EN_11857_361_RS3_S_center_S26_R1_001	0.109205837801474	0.0329818762737639	0.0127835821794607	0.768200269696159	0.0242354248048525	0.00629987750258171	0.0462931317417082	0	0	0.936611872476393	0.459248051467725
BCRF1_3&EN_11859_361_RS3_S_peripheral_S54_R1_001	0.0994436108379669	0.0300345576674809	0.00969606949044339	0.632066333322151	0.210714358369768	0.0061143570015357	0.00797461079341673	0.00395610251723749	0	0.914794092450611	0.424602057994452
BCRF1_3&EN_11863_362_RS1_S_center_S28_R1_001	0.0524060654832338	0.0395007325491883	0	0.836450904111888	0.0304418765253037	0.00659087106381621	0.0346095502665701	0	0	0.930700150461716	0.547160265270479
BCRF1_3&EN_11865_362_RS1_S_peripheral_S40_R1_001	0.0898735846369313	0	0.0149471968388755	0.710401960934625	0.161308411436032	0.00930192526819966	0.00951578957943455	0.00465113130590233	0	0.668065440400007	0.889139976304236
BCRF1_3&EN_11868_363_RS1_S_center_S27_R1_001	0.0404020894705782	0.0217094861253964	0.0148475550599236	0.900420255893918	0.00301660047807606	0.00578797441252219	0.00954571923082585	0.00427031932876007	0	0.948921738153061	0.578167441337446
BCRF1_3&EN_11870_363_RS1_S_peripheral_S46_R1_001	0.130821734029592	0.00455076850804073	0.00289674011107338	0.576287007977778	0.269866835053848	0.00722390693077025	0.00597510678060884	0.00237790060828966	0	0.593525681631196	0.887424588441688
BCRF1_3&EN_11872_363_NL_S_S57_R1_001	0.137539622532776	0	0.0694366800612411	0.363131891509169	0.39842200556725	0.0120348721717883	0.0125432779906313	0.00689165016714463	0	0.278461579124131	1.0415861196092
BCRF1_3&EN_11875_364_RS1_S_center_S52_R1_001	0.0874102999643105	0.0163828090143512	0.0210988487003213	0.848109680615444	0.0103437719502275	0.00657461932204108	0.0100799704333043	0	0	0.928412540180823	0.564531128810396
BCRF1_3&EN_11877_364_RS1_S_peripheral_S56_R1_001	0.0519625338696341	0	0.0418807860248052	0.42701010886434	0.404766619208912	0.0105046588937747	0.0592721469708603	0.00460314616767374	0	0.518520432680985	0.89174586129891
BCRF1_3&EN_11881_364_RS2_S_center_S37_R1_001	0.0508325542717176	0.0392321620023695	0.0404829474583678	0.820349377986324	0.032124227224201	0.00657889958949184	0	0.0103998314675286	0	0.931205165686678	0.525351611468761
BCRF1_3&EN_13814_552_IBC_Str_1	0.209932281962884	0.0437995304728425	0.0288320841860607	0.656920612263154	0.0550000126014139	0.00551547851364444	0	0	0	0.812495432908239	0.636208559946776
BCRF1_3&EN_13829_551_DCIS_Str	0.13896718786854	0.0419985368377951	0.0297499429296379	0.653722710340245	0.122446221821722	0.00751721216637391	0.00238016963035024	0.00321801840533591	0	0.924163075204121	0.408017270875213
BCRF1_3&EN_13831_550_ADH_Str_1	0.166728171162479	0.0597633496570305	0.0022623355328742	0.496040641225832	0.239530197718719	0.00434517694974316	0.0310444066696963	0.000285721083626135	0	0.40263416575143	1.01555310647932
BCRF1_3&EN_13837_550_DCIS_Str_1	0.110835904029701	0.0676116801338273	0.0330497980716949	0.653213228096172	0.117468913890065	0.00962496093940222	0.00819551483913814	0	0	0.358668292004262	1.16636489328202
BCRF1_3&EN_13841_549_DCIS_Str	0.267138977612521	0.0222919134475415	0.00685792400964409	0.661641081002725	0.0369494237087106	0.00512068021885765	0	0	0	0.868032227786041	0.54024803176372
BCRF1_3&EN_13843_549_IBC_Str	0.14919437063364	0.0512775205972268	0.00386436687980756	0.606458020304872	0.175457074584227	0.00839722146749246	0.00535142553273297	0	0	0.484551605263875	1.01393269828855
BCRF1_3&EN_13845_549_IN_Str	0.135743775407324	0.196590989609247	0.0730615684673474	0.257343063410942	0.174683591906425	0.00745164555526381	0.155074821339727	5.05443037239932e-05	0	0.280869654822754	0.981437478301143
BCRF1_3&EN_13849_550_DCIS_Str_2	0.164237825755527	0.0595092319562348	0.0163400668025667	0.636245881116387	0.0923936448692525	0.00897321624458066	0.019777903765354	0.00252222949009702	0	0.257194658582311	1.2394504136002
BCRF1_3&EN_13855_549_NL_Str	0.0771235671970256	0.0196736807641032	0.0475327264212954	0.574730699508892	0.242743287435991	0.0104634368686352	0.0277326018040575	0	0	0.425374761215295	1.04937791023817
BCRF1_3&EN_13859_548_DCIS_Str	0.192797055920714	0.0633149507139225	0.0376660232976734	0.616339558279932	0.083359349362334	0.00417246138989836	0	0.00235060103552483	0	0.941437015769329	0.34502993556087
BCRF1_3&EN_13861_548_IBC_Str	0.213055386852044	0.104623794306599	0.0329065355842276	0.596196167009527	0.0493162683958601	0.00390184785174157	0	0	0	0.862195090294976	0.519002875744779
BCRF1_3&EN_13863_547_NL_Str	0.1126930673288	0.00773310050772615	0.0275312470960753	0.521768196843782	0.269537240607783	0.00853179239241226	0.0492442095941441	0.00296114562927738	0	0.31815424678233	1.10440793338145
BCRF1_3&EN_13865_547_CCC_Str_1	0.185348192951047	0.166703316895623	0.0804634327351562	0.447403419767439	0.109239992663063	0.0060175357709333	0.00374161681290543	0.00108249240383354	0	0.662005398136761	0.754579185036188
BCRF1_3&EN_13867_547_CCH_Str_1	0.108490719378748	0	8.77176367021229e-05	0.579176651410688	0.298509105503538	0.00454891104737943	0.00911382511827211	7.3069904671777e-05	0	0.676231425149468	0.795674237848944
BCRF1_3&EN_13869_547_IBC_Str_1	0.0756411173294962	0.0187467459378055	0.000769675315066679	0.849787510831313	0.0506463682737612	0.0044085823125573	0	0	0	0.964734098859037	0.474656090808443
BCRF1_3&EN_13871_547_DCIS_Str	0.0918754226405908	0.0188251092644906	0.0199379753912063	0.762994031009207	0.101945042194599	0.00442241949990636	0	0	0	0.948943167315988	0.422964500999532
BCRF1_3&EN_13873_547_CCC_Str_2	0.0777140431176952	0.0155010294528563	0.00950461722981032	0.762396898886277	0.130507659039182	0.00410071696272333	0	0.00027503531145574	0	0.900033733024726	0.547981463610401
BCRF1_3&EN_13877_547_CCC_Str_3	0.150968066951488	0.0290967898286796	0.0140578391320806	0.626918330054945	0.133461164006367	0.00463121134702177	0.0408320008413092	3.45978381083523e-05	0	0.936043294007513	0.365259638938743
BCRF1_3&EN_13879_547_IBC_Str_2	0.0606826565572011	0.0113564656059053	0	0.775946282452094	0.0447673649443543	0.0033032297872111	0.102634644537507	0.00130935611572723	0	0.924685137188287	0.501438806351485
BCRF1_3&EN_13881_547_NL_Str	0.0960125864770884	0.0190161240817357	0.0114474253591359	0.699485928370843	0.142220967984469	0.00438596483100829	0.0274310028957197	0	0	0.944514381202143	0.3822721529135
BCRF1_3&EN_13883_546_NL_Str	0.0898921482676941	0.000883396454149487	0.00143754618513299	0.476645409217871	0.280175000899894	0.00540840318080915	0.145558095794449	0	0	0.627666266576909	0.803780060581157
BCRF1_3&EN_13885_546_ALH_Str	0.071346077360802	0	0.000658283386320514	0.378588791060402	0.398674597037044	0.00672871763249078	0.143998488747151	5.04477578958541e-06	0	0.502022661717323	0.889412566478601
BCRF1_3&EN_13887_546_IBC_Str	0.244222015207268	0.217970603297271	0.0772502195660728	0.397714852172433	0.0522663706700695	0.00918607596155729	0	0.00138986312532765	0	0.168242964051098	1.10932259692114
BCRF1_3&EN_13889_546_LIN_Str	0.217733111134995	0.0354903660552136	0.165614852254318	0.342014642182688	0.221090292586175	0.0110850483947058	0.0069716873919056	0	0	0.156248839211126	1.09299231005872
BCRF1_3&EN_13891_546_CCH_Str	0.301646017642317	0.101034592099281	0.0352598721239447	0.356397034193537	0.197659075304669	0.00576463857279651	0.00214518020424168	9.35898592131078e-05	0	0.450288603325511	0.915455116177508
BCRF1_3&EN_13893_546_HIN_Str	0.230978273756043	0.407282044677349	0.1822308171629	0.0861128876220193	0.0719515569610852	0.0124006208161545	0.00844532088762059	0.000598478116828412	0	0.102373063251141	1.01903317492616
BCRF1_3&EN_13895_546_MIN_Str	0.218489532979673	0.296149969731169	0.131758868853008	0.224823566246034	0.116059271242945	0.0110091039729002	0.00170968697427196	0	0	0.138554933892977	1.03699861710498
BCRF1_3&EN_13897_545_CCC_Str_1	0.144170754563391	0.164697223843242	0.0690164246622319	0.3319751124251	0.20574646382917	0.00612790717285978	0.0782661135040068	0	0	0.324933186898871	0.982561537821038
BCRF1_3&EN_13899_545_ADH_Str	0.229550832386798	0.103074848879071	0.095694044044206	0.359114165822007	0.182652663040597	0.0086684133157008	0.0195184796616853	0.00172655284993465	0	0.300738132835277	1.01200254665485
BCRF1_3&EN_13901_545_UDH_Str_1	0.160225471674181	0.0986737802239329	0.0175045322692375	0.409363671183585	0.165112253804821	0.0411256220915098	0.107994668752734	0	0	0.332036809689763	1.01497341386639
BCRF1_3&EN_13903_545_AM_Str_1	0.200097943252043	0.191828156912184	0.0190037923703148	0.430480680928884	0.0965000727220739	0.00524506007657314	0.0568442937379274	0	0	0.503792847737891	0.891744990182233
BCRF1_3&EN_13905_545_IBC_Str	0.138012186032829	0.0192324712715365	0.00598026582276163	0.786275534029376	0.0364460787930325	0.00448092991433655	0.00957253413612849	0	0	0.935154502567964	0.482154019692926
BCRF1_3&EN_13907_545_DCIS_Str_1	0.158886163827892	0.032376815685489	0.030667599999792	0.422701333546287	0.264411069644108	0.00401683489744914	0.0869401823989826	0	0	0.543641587114307	0.862552156039075
BCRF1_3&EN_13909_545_CCC_Str_2	0.0717293504094537	0	0.0128049105322266	0.602554783871503	0.207773437947951	0.00596419711868099	0.0960416458380987	0.00313167428208657	0	0.880564238757786	0.489966890025242
BCRF1_3&EN_13917_545_DCIS_Str_2	0.0814620422527552	0.0256013466349544	0.0079176099177194	0.64366942949926	0.106652273684438	0.00561582082752289	0.125835346559819	0.00324613062352981	0	0.934208924227775	0.377199167085122
BCRF1_3&EN_13925_544_DCIS_Str_1	0.131373780094217	0.0243893031247595	0.00508215140548881	0.613879220552598	0.156769318692253	0.00489941886111443	0.0613363196753699	0.00227048759420019	0	0.940330188943937	0.349282145912315
BCRF1_3&EN_13927_544_DCIS_Str_2	0.222793039833516	0.214627780114297	0.0323001256481939	0.499692198265405	0.0187300668266651	0.00893337289231147	0	0.00292341641961189	0	0.676081446351931	0.751054419848394
BCRF1_3&EN_13929_544_IBC_Str	0.320257992909604	0.105032059915941	0.0175596799502334	0.480654615190875	0.0179210415715331	0.00752241422549721	0.0510521962363174	0	0	0.412339712152632	0.995417155507974
BCRF1_3&EN_13931_544_DCIS_Str_3	0.146356560926412	0.171221351469656	0.0859143722362043	0.498708545713689	0.0721038294007828	0.0119831804370015	0.010539344801631	0.003172815014624	0	0.150663149389269	1.19155236435561
BCRF1_3&EN_13939_568_NL_Str	0.104773492666293	0.0243325597446358	0.00572748750559778	0.75162216172976	0.107864268592356	0.00446123984420851	0.0012187899171487	0	0	0.938700623999529	0.441354719711926
BCRF1_3&EN_13941_568_IBC_Str	0.145827220143392	0.12520237022633	0.0262875549843209	0.661626221683195	0.0341786919301131	0.00323617860860215	0	0.00364176242404665	0	0.95502271321223	0.317691942977241
BCRF1_3&EN_13943_568_DCIS_Str	0.214180141916512	0.0574680935188588	0.0465597704184606	0.511362339164426	0.110258007219012	0.0047419899090747	0.0554296578536563	0	0	0.911281829987237	0.417127950468802
BCRF1_3&EN_13947_570_CCC_Str_1	0.0277800144816948	0.0179166691180105	0	0.584312678479061	0.343001242118283	0.00539428944503612	0.0199081639512912	0.00168694240662337	0	0.909946301102018	0.424039375628168
BCRF1_3&EN_13949_570_IBC_Str	0.15033503635256	0.111709030344457	0.0378870014628412	0.57378836409416	0.0859064207026393	0.00371787968763694	0.036515040462386	0.000141226893319307	0	0.945091007379327	0.328727319170133
BCRF1_3&EN_13951_570_DCIS_Str	0.0798528921574271	0.0141131035915317	0.00896522153618957	0.566759381737475	0.32262989674577	0.00474933042733269	0.00284154961450017	8.86241897734343e-05	0	0.883314392405985	0.476386619254064
BCRF1_3&EN_13953_570_ADH_Str_1	0.0303191623359304	0.00342473535375923	0.00532331003003137	0.391019233193345	0.542211993454353	0.00770256435026558	0.0131617221546865	0.00683727912762856	0	0.360116334752738	1.01370307216052
BCRF1_3&EN_13955_570_NL_Str	0.0343900639959857	0	0	0.579589844764264	0.379582566161138	0.00636039606976206	0	7.71290088509464e-05	0	0.707128312143193	0.761902782763538
BCRF1_3&EN_13957_570_CCC_Str_2	0.105316988453064	0.0713653574768537	0.0172182930225945	0.545973252096242	0.254515083452608	0.00520591742047157	0	0.000405108078166582	0	0.811160721625342	0.594568843844341
BCRF1_3&EN_13959_570_CCH_Str	0.0525310571009039	0.0149740398643291	0.00662035576364077	0.490338001410992	0.411835723951553	0.011271285171188	0.00861742334393101	0.00381211339346131	0	0.623898851527626	0.817611744175901
BCRF1_3&EN_13961_570_ADH_Str_2	0.0528041381993991	0	0	0.618647812139153	0.31210451766666	0.00577813313857335	0.0105486758558807	0.000116723000334054	0	0.731792660336285	0.747060818122724
BCRF1_3&EN_13963_569_IBC_Str	0.266189977244304	0.079871077303272	0.000612257557116355	0.606054693948805	0.0380777233747534	0.00497133065290558	0.00422293991884419	0	0	0.960911759964212	0.281213242713748
BCRF1_3&EN_13965_567_EN_Str	0.0071764984791439	0.0119410688523382	0.024864683997216	0.849272280730687	0.100159180584301	0.00658628735631308	0	0	0	0.920482318579936	0.590040985943775
BCRF1_3&EN_13969_567_DCIS_Str	0.229066718340213	0.24645163546477	0.077677597183118	0.282941551370441	0.145041872684406	0.00898808896815353	0.00410800554926734	0.00572453043963118	0	0.524397659415723	0.851381235559707
BCRF1_3&EN_13971_567_IBC_Str	0.212758391884251	0.0521349133231745	0.0209736062202359	0.630006737297154	0.0809061946893065	0.00314313197207885	0	7.70246137993928e-05	0	0.943524137299961	0.343860285582717
BCRF1_3&EN_13977_565_EN_Str	0.0559492875121135	0	0.000507243293230018	0.732987071553899	0.205994786218732	0.00303717194193664	0	0.00152443948008867	0	0.928378397522148	0.458992555175903
BCRF1_3&EN_13983_561_DCIS_Str	0.15031751985424	0.051741655857054	0.0257829102966047	0.697727653115165	0.0643660794336327	0.00698991437976136	0	0.0030742670635419	0	0.961109576583494	0.323155264674926
BCRF1_3&EN_13985_561_IBC_Str	0.128492912019214	0.0207601676266715	0.00469011258827733	0.798429312193704	0.043670764210976	0.00395673136115807	0	0	0	0.95218698349836	0.448801125057661
BCRF1_3&EN_13988_562_DCIS_Str_1	0.196023503649367	0.0846356827487009	0.0416662339633985	0.447954704830166	0.207757711975446	0.00539966352913906	0.0150577149985691	0.00150478430521245	0	0.805829770962133	0.594081054258407
BCRF1_3&EN_13992_562_DCIS_Str_2	0.155188938976368	0.0800125124451734	0.0180259657311804	0.576216727953685	0.166180081368518	0.00437577352507515	0	0	0	0.956749514078372	0.293577031635906
BCRF1_3&EN_13994_562_NL_Str_2	0.150518271000215	0.00823150423720921	0.0134842744866086	0.483289952787977	0.325606558052565	0.00499555376448166	0.0138738856709431	0	0	0.547775608496457	0.886279371141407
BCRF1_3&EN_13996_563_NL_Str	0.192441199461298	0.320614469603026	0.119300386504816	0.200019618588557	0.139620864251619	0.0105646185248024	0.0161691377443364	0.00126970532154533	0	0.103866731608486	1.04117254243701
BCRF1_3&EN_13998_563_IBC_Str	0.281907163686569	0.162098846807091	0.152484235400306	0.369011954372525	0.0249304483850993	0.00956735134840997	0	0	0	0.119215703762313	1.12403734631071
BCRF1_3&EN_14002_553_DCIS_Str	0.0497382143977895	0.0229497857936374	0.00704552856345039	0.762182936226311	0.132497557519644	0.00448683279655567	0.0210991447026127	0	0	0.96065037049885	0.389385203437151
BCRF1_3&EN_14004_553_IBC_Str	0.0611791607536778	0.0157646333080136	0	0.877192780251708	0.0315134184601974	0.00484836844683843	0.0064100065404677	0.00309163223909698	0	0.962329856112982	0.51573773289202
BCRF1_3&EN_14008_553_EN_Str	0.0678339636108778	0	0.00711993865839066	0.649897051705472	0.197718593904867	0.00684803656152637	0.0681217353957172	0.00246068016314933	0	0.809679401643224	0.642535106026935
BCRF1_3&EN_14013_560_CCC_Str	0.0559844400976686	0.00501594690820863	0.0058847316379889	0.735053295556477	0.120198573128385	0.00390479083911726	0.0739582218321545	0	0	0.953972610385938	0.384407842585014
BCRF1_3&EN_14015_560_AM_Str	0.128641375852653	0.0343789182303879	0.00434974623275702	0.696910145699032	0.115859613680969	0.00481355553345238	0.015046644770748	0	0	0.889003752843833	0.518280671314813
BCRF1_3&EN_14017_560_NL_Str_1	0.16533160190628	0.0393741916031343	0.000766545777252816	0.605569495875139	0.158500535323167	0.00393200062048932	0.0258627944957472	0.00066283439879014	0	0.687252049058802	0.789929401509647
BCRF1_3&EN_14019_560_NL_Str_2	0.148741570229369	0.0432658067627675	0.0399442014418055	0.584242999702727	0.148772605354804	0.00716939064614989	0.0251690344876496	0.00269439137472749	0	0.362420554615139	1.10719580878854
BCRF1_3&EN_14021_560_IBC_Str_1	0.246535459119835	0.175884757375341	0.0972444701704032	0.382103390549066	0.0802117669165777	0.0111646903324216	0.00608913074702172	0.00076633478933308	0	0.0792453583271692	1.15333525549866
BCRF1_3&EN_14023_560_SA_Str	0.138402567151052	0.010123387326225	0.0140266724864682	0.590183880894197	0.199477282698207	0.00463431923770522	0.0373905173740833	0.00576137283206186	0	0.633729869136363	0.847145725610746
BCRF1_3&EN_14026_560_IBC_Str_2	0.110967893388542	0.0142009023893919	0.0097443176904727	0.670850473281174	0.0674607401023768	0.110226942521405	0.0161876101127472	0.000361120513890506	0	0.308974986864895	1.23509666255001
BCRF1_3&EN_14035_572_IBC_Str	0.271940820109186	0.309589601380865	0.150190237349745	0.180076248648733	0.079685299737334	0.007665914063423	0	0.00085187871071312	0	0.23144007938206	0.989104290215521
BCRF1_3&EN_14037_571_NL_Str	0.18897587178603	0.00456023301095605	0.000519373535004939	0.440736542640818	0.341013234398494	0.00481327831396285	0.0193401360377307	4.13302770034718e-05	0	0.435492268967507	0.965852306559449
BCRF1_3&EN_14039_571_EN_Str	0.285035948362749	0.3509589692134	0.118245504394791	0.122717443408942	0.111674767404754	0.00960293967733049	0	0.00176442753803364	0	0.702912900133376	0.787430194571729
BCRF1_3&EN_14041_571_DCISw_Str	0.200936143013996	0.409674734520638	0.118112248214006	0.165685443011903	0.0908861468099746	0.0146369555898915	0	6.83288395904507e-05	0	0.670564613898245	0.798683809398806
BCRF1_3&EN_14043_571_DCIS_Str	0.285454688822919	0.141529347593859	0.0398421955369372	0.383968834042082	0.142850724163403	0.00630491507666331	4.92947641368984e-05	0	0	0.462256374260897	0.912468977853646
BCRF1_3&EN_14045_571_IBC_Str_1	0.38653729036436	0.185439165935286	0.0787586858339234	0.237537671407547	0.102295159193777	0.00751102897419663	0	0.00192099829091081	0	0.63021700847627	0.784943524563741
BCRF1_3&EN_14047_571_IBC_Str_2	0.278054790409645	0.0907735045379078	0.0152011424170794	0.579942986634521	0.030923223640758	0.00510435236008878	0	0	0	0.918526528196315	0.398429804535668
BCRF1_3&EN_14049_566_IBC_Str	0.282790413754579	0.0938334362456427	0.0209768330853552	0.540995520456313	0.0545976762523577	0.00680612020575208	0	0	0	0.405525181028095	1.03772789318658
BCRF1_3&EN_14051_566_DCIS_Str	0.21701436701876	0.419964287765895	0.107424940149961	0.144199043817007	0.0893180242413594	0.013681502854059	0.00570874907485243	0.00268908507810671	0	0.304278253528068	0.953950360200646
BCRF1_3&EN_14053_566_UDH_Str	0.160824123096269	0.0769784318649921	0.0299629668326706	0.610585937198773	0.114160211521305	0.00613521059185388	0	0.00135311889413653	0	0.848200339729508	0.550691854940849
BCRF1_3&EN_14063_564_DCIS_Str	0.216197180471152	0.196644893308709	0.0611870632770281	0.459692645552864	0.0599976387783126	0.00528965184271912	0.000720383125303775	0.000270543643911467	0	0.718279481738988	0.697515791086833
BCRF1_3&EN_14065_564_HP_Str	0.167172898222267	0.11556681372582	0.0679043839230855	0.529906944929691	0.108412537576084	0.00463832831066585	0.00124501474880821	0.00515307856357847	0	0.709741870314371	0.722953576440781
BCRF1_3&EN_14067_564_NL_Str	0.228349497315473	0.0292712540663111	0.0114257098797993	0.459864376184936	0.249072016636325	0.0079830654361692	0.0126541497296089	0.00137993075137778	0	0.351535406444382	1.03720011026896
BCRF1_3&EN_14069_564_IBC_Str	0.17964728471849	0.0994648708109508	0.0246992830980512	0.656813697251248	0.0296860068883128	0.00699661165584904	0	0.00269224557709832	0	0.623620620678916	0.894510685082988
BCRF1_3&EN_14071_559_DCIS_Str	0.229360444513928	0.139686700961965	0.0319579137290509	0.404528562292441	0.185373395068459	0.00617850791404439	0.00291447552011156	0	0	0.922959079041416	0.444483386630892
BCRF1_3&EN_14073_559_IBC_Str	0.216994951598989	0.100453715463022	0.0185871234917625	0.43008238573452	0.222878542191008	0.00682734868722678	0.00417593283347236	0	0	0.879584814600671	0.495286113006868
BCRF1_3&EN_14075_559_CCH_Str	0.0641814969988189	0	0	0.687519093451529	0.216392384359739	0.00263910892304459	0.0292679162668684	0	0	0.858994451004353	0.579377673602502
BCRF1_3&EN_14081_558_IBC_Str	0.119564518208746	0.0256839604237966	0.0165036547135811	0.78910036398225	0.0329946103089942	0.00521578607428864	0.00760143026871788	0.00333567601962589	0	0.923069917479933	0.514396036776793
BCRF1_3&EN_14085_558_DCIS_Str_1	0.145441159021868	0.0517505943528251	0.0456439352065016	0.690397952757964	0.0385418126573791	0.00829852533791759	0.0167102620975757	0.00321575856796953	0	0.672757892373691	0.859859625110304
BCRF1_3&EN_14093_557_IBC_Str	0.183772061787292	0.109067442158405	0.0196269702102524	0.536834343348632	0.145048806789539	0.00465035654989886	0.000705043666000546	0.000294975489981175	0	0.75643267516635	0.667685015243988
BCRF1_3&EN_14095_557_DCIS_Str	0.1701015106514	0.094639412275122	0.0295213453664907	0.535718473620555	0.158660606683834	0.00515793089601083	0.0055548482511159	0.00064587225547063	0	0.458185129827442	0.986901025576025
BCRF1_3&EN_14097_556_IBC_Str_1	0.19938323733974	0.0527846425395767	0.0178174146205234	0.646390141162487	0.0691305454649818	0.00574528695784544	0.00681672373792727	0.00193200817691748	0	0.940077739243979	0.360248899778185
BCRF1_3&EN_14099_556_ADH_Str_1	0.0979989502793407	0.0178800248897411	0.00560481761273756	0.777661670700559	0.0880087098237186	0.00434658714950838	0.00618627663224047	0.00231296291215395	0	0.942197089359432	0.45664248449406
BCRF1_3&EN_14101_556_ADH_Str_2	0.0867997421700411	0.0129968028667146	0.0173378317794299	0.541372177590782	0.279508018518086	0.00681973197478783	0.0519633512316528	0.00320234386850525	0	0.661548377924112	0.792025627816182
BCRF1_3&EN_14105_556_IBC_Str_2	0.126867096965167	0.0164004475162706	0.00293123155156068	0.802993523000597	0.0471233456762027	0.00272727883202461	0.000852410257036795	0.000104666201140479	0	0.939004484707027	0.490197211455695
BCRF1_3&EN_14111_555_IN_Str	0.293086878067421	0.211084881304764	0.0542603814390612	0.265944638931773	0.153190838591327	0.0058969252765771	0.0164634816833573	7.19747057199233e-05	0	0.236544534012684	1.01224870714885
BCRF1_3&EN_14113_555_iIBC_Str	0.259122699099741	0.218125691150909	0.0304757545815777	0.329265789225101	0.114490448098844	0.00847852182981738	0.0400410960140102	0	0	0.166827354565648	1.07333300311575
BCRF1_3&EN_14115_555_IBC_Str	0.195655525561887	0.109756314768189	0.00171596013010895	0.606157232094099	0.0802833789934225	0.00643158845229325	0	0	0	0.643081254664056	0.839653331172905
BCRF4_10_14732_656_IBC_Str	0.329180400092097	0.0568130397467554	0.0101219728195713	0.498424312247746	0.0633402864061055	0.0421199886877249	0	0	0	0.793403848308617	0.611919352473389
BCRF4_10_14734_656_BBD_Str	0.0890862144514923	0.000573014392204945	0.00512286929238902	0.697551722597331	0.204446716166484	0.00321946310009816	0	0	0	0.909679504269644	0.476737748370375
BCRF4_10_14736_656_NL_Str	0.184656572869545	0.0134719671696069	0.00355713217268442	0.559849614685829	0.228838825366264	0.00299165047150541	0	0.00663423726456509	0	0.654645166590618	0.807909359396013
BCRF4_10_14738_657_CCC_Str	0.090290451143183	0.0141118217466928	0	0.740054775282473	0.130204470819882	0.0022763162183176	0.021507196411408	0.00155496837804401	0	0.962743814356241	0.360314044448577
BCRF4_10_14740_657_NL_Str	0.12007216327026	0.0207112234521996	0.0149615099260948	0.630569741649732	0.206346060041623	0.00302121005552095	0.00238474484044735	0.00193334676412222	0	0.830837794718329	0.594787084509137
BCRF4_10_14742_657_DCIS_Str	0.155687381961298	0.01480854848857	0.00758687211755189	0.687207085848522	0.125016636143153	0.00223938561245625	0.00657634335303207	0.000877746475417774	0	0.978979345809911	0.249901967621215
BCRF4_10_14743_657_IBC_Str	0.0833566090768828	0	0.000601341452525069	0.791477611866732	0.046458201367697	0.00202713121742761	0.0760791050187355	0	0	0.956075907042189	0.432908418329681
BCRF4_10_14748_658_DCIS_Str	0.234735033047394	0.154629657860239	0.123442165806655	0.230484291147631	0.190485187715305	0.0517202222515761	0.0137765298707763	0.000726912300423653	0	0.193448584510092	1.02164523132895
BCRF4_10_14749_658_IBC_Str	0.250405873710821	0.0748775901490882	0.0347099151999269	0.498964566387134	0.0701151318700077	0.0709269226830219	0	0	0	0.142169651262024	1.21085706700679
BCRF4_10_14750_658_NL_Str	0.0779250845870663	0.000214081367672368	0	0.605635037724462	0.286198739011105	0.00490566799717777	0.0230975836353498	0.00202380567716652	0	0.63650625968644	0.858612019730569
BCRF4_10_14753_659_DCIS_Str	0.110792476160939	0.026807914110757	0.0105232795867398	0.676084818428083	0.16430041115185	0.00289837739704029	0.00841133138212003	0.000181391782470963	0	0.95756644594	0.324927528620033
BCRF4_10_14754_659_IBC_Str	0.247544752513092	0.0640619503274152	0.0299970932761272	0.511187245226589	0.102427019499662	0.0380871314633673	0.00497362642105906	0.00172118127268913	0	0.906169745068761	0.427511906127152
BCRF4_10_14756_659_DCIS_Str	0.0686129980111906	0.00442141791915823	0.012750317467884	0.788017884946771	0.114207478289984	0.00199187948640815	0.00722635326859099	0.00277167061001281	0	0.978351985359388	0.358962762275008
BCRF4_10_14758_659_NL_Str	0.0995548099332067	0.0226687588042873	0.0279681605848057	0.714664522739412	0.125128697791861	0.00362058741809443	0.0033386017919166	0.00305586093641635	0	0.959501896793046	0.345667301272672
BCRF4_10_14792_663_DCIS_Str	0.15389128701941	0.0189200087592377	0.0017851758520313	0.577741069091418	0.228302040815176	0.00314038884804268	0.0156389610627012	0.0005810685519831	0	0.962892436843039	0.272989714859971
BCRF4_10_14794_663_IBC_Str	0.176697645129353	0.0034051421054569	0.0170302521443205	0.627110082598509	0.137298048592491	0.00425104823638478	0.0322942232985166	0.00191355789496812	0	0.973195397574928	0.240330833749776
BCRF4_10_14796_663_NL_Str	0.0669211388524034	0.00280993898027454	0.0140279921112994	0.564564757088242	0.335135808791673	0.00564378517360299	0.0106847912983927	0.000211787704111678	0	0.550712993595871	0.929059324788616
BCRF4_10_14760_660_IBC_Str	0.28611532192485	0.0948728410902315	0.0136203083673894	0.460337408240935	0.0698201857501396	0.0752339346264546	0	0	0	0.272893425485873	1.09237253002236
BCRF4_10_14762_660_DCIS_Str	0.0844707768547911	0.115517521903141	0.0234328658577866	0.600485444762703	0.13831224374875	0.0359071715036274	0	0.00187397536919982	0	0.653858019694243	0.82331796788795
BCRF4_10_14764_660_NL_Str	0.114636450732529	0.0304606338325431	0.0122074353778888	0.406987408840684	0.344134466127083	0.026063152372188	0.0550708295633407	0.0104396231537429	0	0.358256820090149	1.00501944776806
BCRF4_10_14766_660_LVI_Str	0.134306548647781	0.142670887355822	0.0395602667148511	0.370324498652773	0.262941677723199	0.0443869983048451	0.00580912260072907	0	0	0.514013380833791	0.869711118233261
BCRF4_10_14768_661_IBC_Str	0.25501137889824	0.0878789335751523	0.014969172861042	0.564286980430364	0.0748889866981021	0.00296454753709948	0	0	0	0.842358699327843	0.546972015114436
BCRF4_10_14770_661_AM_Str	0.157052439298715	0.0544863121833396	0.0354774780584031	0.220804045352292	0.321708917752788	0.00599529346285556	0.203060315982957	0.00141519790864913	0	0.494445147677706	0.869106266443671
BCRF4_10_14772_661_ADH_Str	0.125835844868261	0	0.00960527484032919	0.522026700422049	0.312439185116284	0.00350901828645518	0.0265839764666224	0	0	0.681970114685086	0.761962391003237
BCRF4_10_14774_661_DCIS_Str	0.130741654077389	0.0391309021958539	0.0372910292265845	0.339797842639097	0.271650594378406	0.00563183983682637	0.174423234340656	0.0013329033051872	0	0.50614673865329	0.871017932750674
BCRF4_10_14776_661_ADH_Str	0.0985217150439521	0	0.0152923941427777	0.374015966519282	0.315364243168847	0.00575781452021668	0.189517827900043	0.00153003870488052	0	0.720495343530833	0.694374635747527
BCRF4_10_14778_661_NL_Str	0.127272852286449	0.000662384687489285	0.00129178935836746	0.549335959693219	0.307476382456935	0.00589038314826418	0.00799259781604161	7.76505532350384e-05	0	0.75677059969131	0.677836221311792
BCRF4_10_14780_662_DCIS-1_Str	0.167143542500079	0.0136598618554085	0.014387087798481	0.656034479527815	0.131410669227398	0.00992730952318295	0.00743704956763536	0	0	0.786878654632192	0.679843202939675
BCRF4_10_14782_662_MIV-1_Str	0.302849641380415	0.103312062696028	0.0416218947594217	0.407142476929821	0.105193833603339	0.00547243805515864	0.0344076525758152	0	0	0.625581430696495	0.78506545017728
BCRF4_10_14784_662_DCIS-2_Str	0.162418406864643	0.0617991598255525	0.026997686086143	0.580528956067699	0.101393955725776	0.0668618354301857	0	0	0	0.628006482482292	0.844105354348852
BCRF4_10_14786_662_MIV-2_Str	0.301000880186898	0.113489420127862	0.0474144972507897	0.43089118898041	0.0657449769789885	0.0152368602101465	0.0262221762649056	0	0	0.628317815862859	0.786238037185422
BCRF4_10_14788_662_DCIS-3_Str	0.153204580519012	0.0197694693864856	0.0127612406948247	0.680201751605019	0.118010364142865	0.00483706458741443	0.011215529064379	0	0	0.950732197674178	0.348704601803585
BCRF4_10_14790_662_IBC_Str	0.184980885517151	0.0228988727442086	0.00799003881784369	0.648776401240698	0.111554860408039	0.00781628922549406	0.0159826520465654	0	0	0.683437767620817	0.821026431711177
BCRF4_10_14910_676_DCIS-2_Str	0.122053899133989	0.065366308070149	0.0314337697643641	0.430179313749022	0.275067019401191	0.00566238622816122	0.0702373036531234	0	0	0.74337876241591	0.66928628650394
BCRF4_10_14799_664_BBD_Str	0.102336133790375	0	0.00507193646376806	0.47565819426932	0.317535634944564	0.00530967648026765	0.0868829754704673	0.00720544858123724	0	0.592646067139017	0.839407047075639
BCRF4_10_14801_664_IBC_Str	0.281171573521072	0.0866192106705003	0.0115843145495857	0.543037394752162	0.0669039786323257	0.0106835278743542	0	0	0	0.867457420605347	0.499783861159626
BCRF4_10_14803_664_ADH_Str	0.114540600617091	0.00498998659122593	0	0.650022105937282	0.197670615086924	0.00326726668039476	0.0295094250870821	0	0	0.928675774042997	0.398480326884366
BCRF4_10_14806_665_IBC_Str	0.138683783054024	0.00282691425868412	0.00306053748823553	0.779327475676566	0.050436783316036	0.00267137960326539	0.022993126603189	0	0	0.966383427787337	0.386484727501644
BCRF4_10_14808_665_inf_NL_Str	0.222543708334354	0.289804667198445	0.126358789136114	0.193981036704405	0.15357954351052	0.00884405955522589	0.00438428587133312	0.00050390968960336	0	0.723323240061044	0.755748077782081
BCRF4_10_14860_665_DCIS_Str	0.153840151384393	0.0859463440971129	0.0266759098415482	0.519803625550208	0.199251703840755	0.00524158844288314	0.00870327956247599	0.000537397280623966	0	0.779727950412614	0.63297034304946
BCRF4_10_14811_665_NL_Str	0.126883510702436	0.00437091257320632	0.0204275505432467	0.507731206600323	0.321002083798409	0.00615296177875267	0.00958415871475463	0.00384761528887149	0	0.560642097836191	0.885156146997048
BCRF4_10_14814_666_DCIS_Str	0.193918165672825	0.0705841681390646	0.0253281612038495	0.371787843470992	0.236842047976265	0.0424093398902451	0.0533217795104479	0.00580849413631132	0	0.342894152023441	0.993514119488959
BCRF4_10_14815_666_IBC_Str	0.230138233653415	0.0208349806339537	0.0167302377502477	0.594648975412696	0.0876760905858223	0.00424165145066592	0.0440009150852913	0.00172891542790791	0	0.934320235765556	0.361213387978003
BCRF4_10_14817_666_NL_Str	0.101422629666552	0.012588560643865	0.0121517671349945	0.693555519192312	0.172052068983281	0.00483619303962408	0	0.00339326133937181	0	0.939526145298817	0.393712542410621
BCRF4_10_14819_666_BBD_Str	0.139840244878104	0.00067575888854761	0.014569401953775	0.592388187525063	0.191157502432698	0.00286464294045563	0.0543530468383352	0.00415121454302161	0	0.850449323954049	0.543409661709172
BCRF4_10_14854_671_UDH_Str	0.116865119377898	0.0139400616917694	0.0100093635104459	0.436195558907112	0.358211329602443	0.00504479178275872	0.0531139583190934	0.00661981680847903	0	0.695243205864468	0.7237984044158
BCRF4_10_14858_671_IBC_Str	0.108211636659712	0.015195890970784	0.012793205872235	0.799795346890035	0.0272556834467956	0.00536058745609235	0.0292675846262046	0.00212006407814194	0	0.942713807457012	0.475969658547867
BCRF4_10_14859_671_DCIS_Str	0.0754140765553191	0	0.00127466609607118	0.766450523393199	0.087774347075146	0.00626399795812969	0.0624562101568098	0.000366178765325859	0	0.796525702618852	0.748119788126172
BCRF4_10_14861_671_AM_Str	0.151661837303292	0.0261017439167667	0.010480388507645	0.46838330858852	0.263536648736542	0.00439070111012082	0.0705372121141955	0.00490815972291792	0	0.730486164288493	0.68777375100799
BCRF4_10_14863_671_CCC_Str	0.160908714223275	0.052226769597309	0.0439076016633757	0.461793525106849	0.270938147443412	0.00434223807466102	0	0.00588300389111794	0	0.720840460149682	0.697544415008319
BCRF4_10_14823_667_IBC_Str	0.237534295291524	0.102524395909206	0.0232151492954667	0.506455942340318	0.11717411090785	0.0130961062556352	0	0	0	0.580602474883457	0.856308544536194
BCRF4_10_14824_667_DCIS_Str	0.227765056413795	0.0605819593650041	0.0404987891243041	0.40929381108848	0.242855137105438	0.0160714294141776	0.0029338174888013	0	0	0.519077882359769	0.878588491191183
BCRF4_10_14825_667_NL_Str	0.248313123653411	0.0302004598846179	0.0340439297233167	0.401293823705409	0.270188230892181	0.00458577616914326	0.0101619107059239	0.00121274526599732	0	0.514417419747069	0.882095713539624
BCRF4_10_14827_668_IBC_Str	0.418949087899136	0.0474769787263066	0.00843913319644321	0.352786845970147	0.135057974036025	0.0051157837995644	0.0321741963723783	0	0	0.857787723239207	0.546537832784337
BCRF4_10_14831_668_DCIS_Str	0.138763671108588	0.0259800078566496	0.0288610935180534	0.332305580133174	0.269992108088625	0.00632421484014767	0.197113513961243	0.000659810493519129	0	0.610541089904115	0.792061018075717
BCRF4_10_14832_668_NL_Str	0.232860466916119	0.0609441046675544	0.0338766147676116	0.403884296610183	0.243522984206174	0.00596199771031001	0.0189495351220477	0	0	0.274450889953829	1.05779082862315
BCRF4_10_14835_669_IBC_Str	0.0933792600236689	0.0113232512517719	0.00463760633816914	0.761311225112977	0.124492325187701	0.00355215814351191	0.00130417394220031	0	0	0.895880346728964	0.556263944669588
BCRF4_10_14836_669_NL_Str	0.111510023244106	0.0230340446134427	0.0254495669741998	0.483378079760311	0.331718296830904	0.00885129872485107	0.0137104976905194	0.00234819216166627	0	0.430931586513462	0.989511552495397
BCRF4_10_14838_669_DCIS_Str	0.0876464518939687	0.0309856169694694	0.000839364083982008	0.550264762168791	0.321684111756642	0.00391030488903956	0	0.00466938823810689	0	0.886383146334101	0.466850695645098
BCRF4_10_14841_670_EN_Str	0.0904775350339736	0	0	0.479833946259788	0.295334053185062	0.00306933675943389	0.130517417356451	0.000767711405291985	0	0.59226697798438	0.841213025967541
BCRF4_10_14842_670_DCIS_Str	0.183278343131551	0.0164816911032527	0.0254418868876954	0.274670168138478	0.195658127619121	0.0115478534934412	0.290482912318643	0.00243901730781774	0	0.381079599015452	0.939389970487376
BCRF4_10_14845_670_DCIS_Str	0.211874904755672	0.0533631769507343	0.0138563034103967	0.53937089017757	0.140688918307993	0.00830623063665883	0.0308252348551402	0.00171434090583413	0	0.879251908803657	0.477928629421779
BCRF4_10_14846_670_IBC_Str	0.127942532223191	0.00312369927872888	0.0104727933006707	0.456453387715375	0.114846956882587	0.00588231660709917	0.279846426785313	0.0014318872070356	0	0.744745110664289	0.668914286278975
BCRF4_10_14850_670_BBD_Str	0.124123150007687	0.0140690883090054	0.0133953253378005	0.487515539128268	0.193546610086676	0.00378004358987836	0.161228414420061	0.00234182912062289	0	0.711902435147057	0.712551620249496
BCRF4_10_14851_670_CCC_Str	0.111734773931078	0	0	0.523143055749343	0.255047258577845	0.00335890783937346	0.104586422486056	0.00212958141630444	0	0.650494963390064	0.796587208293949
BCRF4_10_14852_670_AM_Str	0.190905741696612	0.0109359202831749	0	0.556752829758139	0.207604280233676	0.00254740258623101	0.0258653271710128	0.00538849827115503	0	0.767251670867963	0.663094706901928
BCRF4_10_14865_672_inf_NL_Str_S2_R1_001	0.124169240427719	0.0643354265155203	0.0148684185404267	0.53397147234773	0.258674656241105	0.00398078592749887	0	0	0	0.660271444847971	0.787962247747013
BCRF4_10_14867_672_IBC_Str_1_S4_R1_001	0.197155978227836	0.0193426852988371	0.00643026840031726	0.639162202016587	0.0478838580045338	0.00342205186151772	0.086602956190371	0	0	0.950281093393903	0.326955964553841
BCRF4_10_14871_672_DCIS_Str_S8_R1_001	0.166975468090493	0.0385572012798816	0.0765371590551552	0.472152346684462	0.235044202231091	0.00539588138826594	0.00272994527724467	0.00260779599340618	0	0.886907213243105	0.470428174982963
BCRF4_10_14872_672_CaLob_Str_S9_R1_001	0.221806973189266	0.146236444289962	0.151164835979889	0.23962504590939	0.229186239702514	0.00916921758636214	0.00193358589504194	0.000877657447575174	0	0.376445162695214	0.932867548748852
BCRF4_10_14874_672_NL_Str_S11_R1_001	0.0790469612819269	0.00267378713498629	0.01368492577095	0.536584440270496	0.357666095152982	0.00440036380249761	0.00594342658616163	0	0	0.390776420608535	1.06220189007987
BCRF4_10_14877_672_CCC_Str_S14_R1_001	0.148096649463858	0.0253199528976512	0.00939226264917501	0.457402676081453	0.340251425316974	0.00577004459864206	0.0102795782150568	0.00348741077718947	0	0.343167762568783	1.04588443211969
BCRF4_10_14879_673_IBC_Str_S16_R1_001	0.0425192137293441	0.0127871201988688	0.00606071656963596	0.934852479962408	0	0.00378046953974344	0	0	0	0.968235183932356	0.575983867091352
BCRF4_10_14881_673_DCIS_Str_S18_R1_001	0.20560593717146	0.232859522642038	0.143439997741387	0.29033467766662	0.119875843629083	0.00673371643519609	0	0.00115030471421537	0	0.800524066561148	0.658074606684001
BCRF4_10_14883_673_NL_Str_S20_R1_001	0.137455708069133	0.0681691932930194	0.00893958268222182	0.47074240974154	0.262697449341025	0.0270199602460445	0.0249756966270152	0	0	0.456642078495199	0.955853181569762
BCRF4_10_14885_673_AM_Str_S22_R1_001	0.0985891206222961	0	0	0.559599657812642	0.277884978402157	0.00247331536170871	0.0464221638455073	0.0150307639556892	0	0.686894403908338	0.771209990442935
BCRF4_10_14887_673_CCC_Str_S24_R1_001	0.0610235903410993	0.00997295419722046	0	0.654766599040013	0.177737409693409	0.00182759723644001	0.093931497175276	0.000740352316542358	0	0.921429190306879	0.419676585830561
BCRF4_10_14889_673_EN_Str_S26_R1_001	0.0793370996508379	0.00129665435157163	0.00112410772815831	0.543828531858229	0.188149680871579	0.00633985984213003	0.1758371733777	0.00408689231979425	0	0.470325746909161	0.9882028001771
BCRF4_10_14891_674_DCIS_Str_S28_R1_001	0.153635304744174	0.0638696917096747	0.00952075379109766	0.541643901820897	0.189163699821958	0.00552635789339954	0.0339706301211944	0.00266966009760398	0	0.897367156593172	0.442652051468103
BCRF4_10_14893_674_IBC_Str_S30_R1_001	0.17019767582028	0.105061651179159	0.00879219383692888	0.630053142930372	0.072806778857132	0.00317118813185254	0.00991736924427569	0	0	0.82441744521316	0.599979879700058
BCRF4_10_14895_674_BBD_Str_S32_R1_001	0.113025739336863	0	0.042028364750533	0.366770271143998	0.390691997167692	0.00696299724299264	0.0707082227962726	0.009812407561648	0	0.488651520944876	0.894540938027635
BCRF4_10_14900_675_EN1_Str_S34_R1_001	0.0426955413164206	0.0145638396933608	0	0.608264818804788	0.318818722892241	0.00385081701947707	0.0118062602737125	0	0	0.74959127341207	0.716049956388299
BCRF4_10_14902_675_EN2_Str	0.0344152405716201	0.0163842083680635	0	0.658471924001149	0.278362936339514	0.00361086522770704	0.00875482549194634	0	0	0.892599181403347	0.493845571182888
BCRF4_10_14903_675_EN3_Str	0.0332241063806054	0	0	0.732833454907571	0.230752148968955	0.00319028974286857	0	0	0	0.912799131070442	0.499607398742396
BCRF4_10_14906_675_NL_Str	0.0238158711527246	0	0.000116198976417876	0.69512354344388	0.250541220437365	0.00557108827289418	0.0242678980736133	0.000564179643105422	0	0.627416514435943	0.934466901014663
BCRF4_10_14923_677_IBC_Str	0.217050288636213	0.0704500651729609	0.0306895646197672	0.59389118648544	0.0538402814006667	0.0330550599860619	0.00102355369889095	0	0	0.805737362589157	0.615459680583048
BCRF4_10_14925_677_DCIS_Str	0.183432480630441	0.0900907122867205	0.0294538384840682	0.60255154790237	0.0832370283393741	0.00971363081490231	0	0.00152076154212376	0	0.910123634577494	0.421883364466361
BCRF4_10_14927_677_NL_Str	0.239343992344307	0.0718015205942784	0.0532739347378001	0.310515566455447	0.306575293840324	0.00628234885106915	0.0122073431767749	0	0	0.512280870782257	0.863280532353818
BCRF4_10_14929_677_LVI_Str	0.244591429441903	0.0862800561779222	0.0321652838617246	0.570844686046186	0.0632310130850823	0.00288753138718265	0	0	0	0.924992126156787	0.381887988076142
BCRF4_10_14931_678_IBC_Str	0.255539690384752	0.071969367077703	0.0183605303839066	0.534541889721484	0.0986216607319577	0.00479614181051533	0.0152664423546962	0.000904277534985377	0	0.834020868039594	0.555390651435217
BCRF4_10_14933_678_PLC_Str	0.0725362510019926	0	0.00656017866902996	0.505996447134599	0.304490096792897	0.00635667865663676	0.101904982222001	0.00215536552284396	0	0.606400324313172	0.838165057700074
BCRF4_10_14935_678_EN_Str	0.0888859685497918	0.00459639108529775	0.0133759054001079	0.517630388362703	0.349283488558884	0.00615934397678655	0.0170605361268368	0.00300797793959186	0	0.798609537993041	0.609928119990434
BCRF4_10_14937_678_NL_Str	0.131360581637628	0.0154581735131602	0.0230088021545995	0.431011234414427	0.369091514552743	0.00473627608761088	0.0239334559939314	0.00139996164590006	0	0.369416992772438	1.01226172424909
BCRF4_10_14939_679_IBC_Str	0.106262526911212	0	0	0.814311223915149	0.0769703878666731	0.002455861306966	0	0	0	0.969957721670057	0.41741506771197
BCRF4_10_14941_679_DCIS_Str	0.203811535227158	0.00222104521177951	0	0.510806165381642	0.266947077978427	0.00450652856188756	0.01030112547369	0.00140652216541683	0	0.601954476065759	0.844170989033714
BCRF4_10_14943_679_NL_Str	0.174335737132793	0.00103324044283507	0.00303310706554903	0.49418404812353	0.279916158577726	0.0150371663537197	0.0308088652856192	0.00165167701822823	0	0.373927372214498	1.04264368587083
BCRF4_10_14955_680_DCIS_2_Str	0.205534229154284	0.0688996169114292	0.0283900988984067	0.463518858575687	0.210175336874764	0.0120814725150573	0.00880208988483919	0.00259829718553262	0	0.545708194028542	0.873510848444629
BCRF4_10_14957_680_ADH_2_Str	0.238298770509008	0.0391379849691522	0.01419534706089	0.398539085274902	0.182875528655324	0.00504520219180274	0.117134978432377	0.00477310290654335	0	0.585977230067971	0.819204210194104
BCRF4_10_14945_680_ADH_1_Str	0.0935515259043854	0.00768924520605863	0.00637389562506624	0.47250679615522	0.205856764493334	0.00483604583582065	0.206463431275673	0.00272229550444294	0	0.471047215868307	0.946269205303283
BCRF4_10_14947_680_UDH_Str	0.0897049611494978	0.0150900073067699	0.0164134861247833	0.525452726899762	0.320040002007904	0.00768364550126464	0.0242681272650624	0.00134704374495593	0	0.354330783605117	1.08120834748477
BCRF4_10_14949_680_NL_Str	0.120298489403122	0.0126156664109253	0.0327655126865024	0.41840125076402	0.345612193507914	0.0076082064371515	0.0612172005387246	0.00148148025164055	0	0.41961375730769	0.965396633560826
BCRF4_10_14951_680_DCIS_1_Str	0.276783072433404	0.0743677919384314	0.00518979586086965	0.404939760658396	0.185044580288334	0.017920239143042	0.0332189645274122	0.0025357951501107	0	0.521381943348978	0.875228955812166
BCRF4_10_14953_680_IBC_Str	0.144081595682628	0.0347841910647433	0.0180592857615672	0.711340021472849	0.0628015812891535	0.0264124126127642	0.0018941150073754	0.000626797108919603	0	0.432373267652109	1.14934134428897
BCRF4_10_14959_680_LG_DCIS_Str	0.221323086392683	0.154871243788792	0.0503766287285438	0.41515266336348	0.11927208832741	0.00648829484538353	0.0294598044882922	0.00305619006541448	0	0.753914405381096	0.6588638646659
BCRF4_10_14961_680_AM_Str	0.0610008476792744	0	0.00425519829229077	0.100309564795035	0.132307077383582	0.00560709152975986	0.695748151225979	0.000772069094079428	0	0.50684218639219	0.864027660280779
BCRF4_10_14967_681_DCIS_Str	0.142776446387275	0.0460693881607962	0.0344232539778643	0.40059183456254	0.303144223555649	0.00544967909736482	0.0675451742585112	0	0	0.421953832858834	0.952459794919728
BCRF4_10_14969_681_AM_Str	0.0533321862022965	0	0.0124013150934517	0.403286538009483	0.430317169855415	0.00485005761675442	0.0944490536241099	0.00136367959848849	0	0.592189479980172	0.820808094120454
BCRF4_10_14971_681_EN_Str	0.136514816285187	0.0197470461943545	0.0344898753257272	0.408306009694528	0.324110274178959	0.00658300219517205	0.067169875389044	0.00307910073702872	0	0.239993175772016	1.08738092284658
BCRF4_10_14973_681_ADH_1_Str	0.17649233670952	0.0425717808128457	0.05185741149535	0.376878621207487	0.332833716842639	0.00670242260096665	0.0123678503441807	0.000295859987010537	0	0.550730037484638	0.845983940801042
BCRF4_10_14975_681_IBC_Str	0.0944835681754083	0	0.00269602997481859	0.838453838506861	0.0604155807448154	0.00213667132398395	0.00181431127411268	0	0	0.970435828276436	0.44514953085207
BCRF4_10_14977_681_NL_Str	0.0852696841149891	0.0127130132539597	0.00472048608671794	0.423226114515622	0.372546540453503	0.00550122586172136	0.0904360634945176	0.00558687221896922	0	0.298358173149211	1.06100126605021
BCRF4_10_14979_682_NL_Str	0.210159927845232	0.0189594793223909	0.0383697801960975	0.435844658012124	0.235682792073805	0.0541070511007238	0.00687631144962663	0	0	0.399645479982837	0.986112532057173
BCRF4_10_14981_682_EN_Str	0.180787474860097	0.00909010836730942	0.0114531095697753	0.471511496557707	0.252626693322246	0.00456724953364081	0.0699638677892255	0	0	0.561088383664331	0.865814424153851
BCRF4_10_14983_682_IBC_Str	0.208724564723316	0.0464624246040278	0.0284038394735825	0.612123039371728	0.091331273040433	0.012593103500263	0.000361755286649043	0	0	0.506086700814498	0.994013761267063
BCRF4_10_14985_682_Inf_NL_Str	0.243719121863417	0.0881295033750731	0.0996706667946904	0.339633727845001	0.201946245440315	0.0269007346815034	0	0	0	0.256934346990827	1.03226572781993
BCRF4_10_14988_683_DCIS_Str	0.186313037091829	0.0650398089516196	0.0484092979731289	0.381976828274227	0.232670771619687	0.0254025481396862	0.0595463188735714	0.00064138907625052	0	0.704038812577456	0.710956214535476
BCRF4_10_14991_684_ADH_DCIS_Str	0.180013676369559	0.078515330000844	0.0195890639597777	0.517622442338936	0.123869149366019	0.0389774552070865	0.041412882757777	0	0	0.52198836049183	0.917810436361369
BCRF4_10_14993_684_DCIS_Str	0.173473767591005	0.180988323537771	0.0332879486664399	0.364937070779073	0.18365574501648	0.0357739492899246	0.0278831951193067	0	0	0.437591811359338	0.921318939070994
BCRF4_10_14995_684_NL_Str	0.136171914473657	0.0115936029237926	0.00874382513623273	0.5117598596954	0.253711656350677	0.0288252016758895	0.0491285527014844	6.53870428673518e-05	0	0.413708706491317	1.01817062663189
BCRF4_10_14997_684_IBC_Str	0.0843263552199965	0.01351854277677	0.00684826129949581	0.860643939971849	0.0235231753403034	0.0111397253915851	0	0	0	0.765595439796642	0.884443691747706
BCRF4_10_14999_685_DCIS_Str	0.15573167303391	0.0990727485208513	0.0304733118886628	0.583180422088823	0.126395604185336	0.00444947632779847	0	0.000696763954617552	0	0.950434080371181	0.313180458055823
BCRF4_10_15001_685_IBC_Str	0.23138299076131	0.0755902580684879	0.0441502230405588	0.486996203682859	0.126724442709237	0.0047296765033078	0.0290815851168769	0.00134462011736264	0	0.882373796933394	0.47584169047913
BCRF4_10_15003_685_NL_Str	0.118433117051981	0.0289913731839733	0.0387274947164147	0.598029004023083	0.213093596974091	0.00272541405045718	0	0	0	0.91503181582266	0.411793523175959
BCRF4_10_15005_685_EN_Str	0.20512668113553	0.0111377188867566	0.023843333228723	0.432367494652082	0.311420378410038	0.00755540841875049	0.00830804705006544	0.000240938218054564	0	0.455481147322554	0.943478727005245
BCRF4_10_15014_687_DCIS_1_Str	0.371087445595245	0.0684453704081615	0.0341924235456512	0.393837163774739	0.0766698184394198	0.0160224505577572	0.0395495660197584	0.000195761659268088	0	0.499993375998613	0.890825684542114
BCRF4_10_15016_687_DCIS_2_Str	0.42560486562919	0.164634637315465	0.143884167830732	0.172730904278096	0.0758124550751569	0.013656484520884	0.00367648535047562	0	0	0.574807049759488	0.824756900115846
BCRF4_10_15018_687_UDH_Str	0.103980061850969	0.0130738991661175	0.0061615084615163	0.463009950312733	0.317891959971425	0.0163069138979848	0.0794019438930518	0.000173762446202417	0	0.230418243558182	1.13165590054631
BCRF4_10_15020_687_EN_Str	0.109546400620426	0	0	0.463491260293835	0.247030279265171	0.00505299665399219	0.174879063166576	0	0	0.442337429100222	0.967470872990006
BCRF4_10_15022_687_NL_Str	0.136105444111529	0	0.0221198725664475	0.43770776624065	0.37578977935069	0.00716731354561406	0.0187203778291655	0.0023894463559041	0	0.387469669439415	1.00318529844469
BCRF4_10_15026_688_EN_1_Str	0.18072902738246	0.124703354283288	0.0632030934129101	0.340515253422552	0.254827741222519	0.00611086559641804	0.0267250255571046	0.00318563912274877	0	0.631625013898234	0.775515102470831
BCRF4_10_14912_676_EN_Str	0.0479200963926676	0.00599369409564279	0	0.645350611106837	0.161218842102611	0.00302765779744317	0.136489098504798	0	0	0.931670588982254	0.387750315532768
BCRF4_10_14914_676_BBD_2_Str	0.0785884142646131	0.0319510641284299	0.018536711487127	0.713778595408761	0.137822791993081	0.0140414833284452	0.00464852797066457	0.000632411418877991	0	0.940875713556991	0.402701541343661
BCRF4_10_14917_676_DCIS_1_Str	0.214079584622309	0.0858813543519763	0.05256444368868	0.310437917494591	0.25683685882006	0.00777465106904099	0.0711908369593599	0.00123435299398352	0	0.453693360765178	0.900782754083893
BCRF4_10_14919_676_BBD_1_Str	0.146252452281963	0.0854416191662036	0.0544535079129133	0.384486560175382	0.312294118536615	0.00757003611984882	0.00527764399366677	0.00422406181340873	0	0.364189121064049	0.985829107993758
BCRF4_10_14921_676_NL_Str	0.0621603697159823	0.0439030415234412	0.0238494843348435	0.695108156608969	0.171296107573232	0.00368284024353181	0	0	0	0.931190204080645	0.416651769698004
BCRF4_10_15008_686_DCIS_Str	0.244663280615805	0.113923949236734	0.038378725394802	0.479717429440292	0.103336300200328	0.019980315112039	0	0	0	0.732411906787363	0.685184916306477
BCRF4_10_15010_686_EN_Str	0.126514278329699	0	0.00739526996829501	0.491342277167212	0.346150997626757	0.0193737108704081	0.00827753940730604	0.000945926630322992	0	0.412276468260464	1.01260122690938
BCRF4_10_15012_686_NL_Str	0.139423403792321	0.000965824963944137	0.00550632787154038	0.494844650902661	0.347625880350179	0.00578466702925145	0.0057574420368482	9.18030532548511e-05	0	0.441049059038552	0.990717849748397
BCRF4_10_15033_689_IBC_Str	0.0943490132237764	0	0.00364188652431012	0.838310585475525	0.061630540995964	0.00206797378042488	0	0	0	0.958509184403616	0.479510139722093
BCRF4_10_15035_689_DCIS_1_Str	0.209144523209211	0.160386558940899	0.0816822849469776	0.294022403366119	0.233231459090192	0.0159086829475169	0.00364968023966256	0.00197440725942222	0	0.730508743822728	0.705847364768677
BCRF4_10_15037_689_NL_Str	0.0666118173130344	0.00746313495814965	0.00417650643164541	0.622010445593324	0.27831969400082	0.00745848029584336	0.0139599214071838	0	0	0.558855748214082	0.956553835403341
BCRF4_10_15039_689_DCIS_2_Str	0.266569401144398	0.134551881624463	0.0843435275548165	0.253243357693322	0.243236232150095	0.00626356730249179	0.0106027987305688	0.00118923379984464	0	0.50797575224165	0.861353223851004
BCRF4_10_15041_689_EN_1_Str	0.157605666787614	0	0.0176503952208911	0.452785544652922	0.342745182040984	0.00295008368694326	0.0262631276106453	0	0	0.726465656792259	0.691729470612623
BCRF4_10_15043_689_EN_2_Str	0.219063657329566	0.00389789085178355	0.0176868039284163	0.46481362146531	0.260764285455507	0.00539914646188724	0.0273963841946558	0.000978210312874777	0	0.671330569423817	0.754124779551266
BCRF4_10_15053_690_EN_2_Str	0.0491545912574444	0.00873514993855259	0	0.614270582951073	0.28941832340489	0.00319035955122538	0.0309870199231314	0.00424397297368243	0	0.808236040803253	0.628811014500625
BCRF4_10_15063_691_EN_2_Str	0.124519521804184	0.00644584029251739	0.00255859145462439	0.557832633013813	0.258177105570468	0.00318561964083944	0.0446381049436518	0.00264258327990224	0	0.528293953953563	0.943149739890604
BCRF4_10_14965_681_ADH_2_Str	0.107973368916302	0.0394321856669461	0.0196221455906785	0.474734113692352	0.322940259146154	0.0199398963764348	0.0153580306111336	0	0	0.288457880959434	1.09580438347134
BCRF4_10_15024_688_IBC_Str	0.274784250133726	0.387780728548108	0.140706030335239	0.102120725391217	0.0801427238863872	0.00718490151512898	0.00728064019019388	0	0	0.65248534874292	0.817272326273277
BCRF4_10_15028_688_NL_Str	0.0567978777067878	0	0.00584699260471239	0.5190110801484	0.268960172255091	0.00627855104451405	0.143105326240495	0	0	0.466358579265608	0.979445150993951
BCRF4_10_15030_688_EN_4_Str	0.0483367156137175	0	0	0.511341127220796	0.300161822816261	0.00352203665435711	0.134289183234589	0.00234911446028037	0	0.555718354754661	0.892612469715623
BCRF4_10_15107_688_EN_5_Str	0.0386549146304139	0.000197680364816627	0.00769440863520875	0.523885145344227	0.332964269033614	0.005050862095067	0.086458600567558	0.00509411932909413	0	0.579443692387014	0.876353720530513
BCRF4_10_15045_690_NL_Str	0.156372419645152	0.0290910448130156	0.0344842015313209	0.485611464181757	0.224024528862321	0.0337765358846129	0.0337625157859737	0.00287728929584721	0	0.282065513332922	1.10239760049281
BCRF4_10_15047_690_EN_1_Str	0.142708873189439	0.0337491179867811	0.0181952188633802	0.418068876557107	0.380225157259074	0.0039779099664722	0.000817207382808096	0.00225763879493798	0	0.777096674108883	0.630492949006975
BCRF4_10_15049_690_IBC_Str	0.114877722484484	0	0.00376884203022387	0.684557257318237	0.188554524930123	0.00824165323693207	0	0	0	0.760014218484712	0.743060585425616
BCRF4_10_15051_690_DCIS_Str	0.182112831633692	0.124385124046337	0.0782643461478235	0.360004632151254	0.208751569848389	0.019827092176825	0.0266544039956789	0	0	0.532615966187545	0.852795657732347
BCRF4_10_15055_690_i_DCIS_Str	0.165697120040284	0.30130054883638	0.138655973987299	0.242974516794536	0.131125429066972	0.0195641247097096	0	0.00068228656482011	0	0.554029321564993	0.83768450747676
BCRF4_10_15057_691_IBC_Str	0.213343914181192	0.000498644120571271	0	0.675829877243436	0.108400546938727	0.00192701751607317	0	0	0	0.959240816351624	0.319570391977363
BCRF4_10_15059_691_EN_1_Str	0.125597764208102	0.0120940069114809	0	0.555480697659086	0.249120351683947	0.00269929717070829	0.0525392248660171	0.0024686575006584	0	0.865919245138451	0.505998968978317
BCRF4_10_15061_691_DCIS_Str	0.125208938642869	0.0144436173233392	0.0139469604461251	0.388420429722081	0.253590811017842	0.00433750360422842	0.196532097498362	0.0035196417451534	0	0.690861885701353	0.723147021384059
BCRF4_10_15065_692_IBC_Str	0.245067665616365	0.0419498853480272	0.0100488960011809	0.617073291801962	0.0765119135353067	0.0093483476971577	0	0	0	0.411762263554676	1.09020166676964
BCRF4_10_15067_692_DCIS_Str	0.258674755149736	0.157565914839739	0.0832159876850048	0.324638126185494	0.124766037325075	0.0511391788149512	0	0	0	0.199842999292773	1.05591458848341
BCRF4_10_15069_692_NL_Str	0.180887951289677	0.11681002842297	0.0759177384000687	0.34081869194696	0.257183372571034	0.0207496769918478	0.00680514772338311	0.000827392654059028	0	0.363063164468258	0.96598801985194
BCRF4_10_15586_744_IBC_Str	0.178896420739584	0.0321678136332188	0.00252082862834503	0.695651206752049	0.0752986697180399	0.0154650605287632	0	0	0	0.759866132366778	0.746128023360681
BCRF4_10_15588_744_inF-NL_Str	0.167971612935759	0.217652949621042	0.103296260614941	0.286703557757701	0.200418143476983	0.0102242641605499	0.0121986098232605	0.00153460160976358	0	0.305122349164896	0.977802307212712
BCRF4_10_15590_744_DCIS_Str	0.097764098017693	0.0525981819234273	0.0253913644000097	0.62326469643139	0.195986211077108	0.00499544815037145	0	0	0	0.89228717402393	0.471326245876836
BCRF4_10_15592_745_CCC_Str	0.12939859353041	0.00698598827666195	0.00511771850703391	0.593220192708798	0.227118993067321	0.00498990387937082	0.0310896796502214	0.00207893038018374	0	0.882716551983657	0.482731420833254
BCRF4_10_15594_745_BBD_Str	0.105151823366004	0	0	0.579824629113325	0.286995742013083	0.00288454037505584	0.0244492976127149	0.000693967519818003	0	0.824879717370811	0.586027798037906
BCRF4_10_15596_745_IP_Str	0.154569627813707	0.0872631988777757	0.0427441719657735	0.561936755432983	0.114712288492621	0.00384851345666729	0.034925443960472	0	0	0.921392030330847	0.390132643120325
BCRF4_10_15599_746_DCIS_Str	0.27337209708992	0.20013532925052	0.0784175755901177	0.314483588318992	0.108433495080258	0.0251579146701927	0	0	0	0.587266275980713	0.809482142199303
BCRF4_10_15601_746_NL_Str	0.16816147588128	0.066918737912339	0.105301963637921	0.462723156366849	0.177555187519801	0.0159992593627388	0.0013731538101734	0.00196706550889814	0	0.57991680451933	0.839287705456371
BCRF4_10_15603_747_IBC_Str	0.133238019118542	0.000190494304699137	0	0.817383114054374	0.0012128599968284	0.00189291674564509	0.0460825957799111	0	0	0.903465986010304	0.590547166269333
BCRF4_10_15605_747_NL_Str	0.113852874864145	0.0281634882218789	0.0170525224539988	0.595849204244759	0.241387194851256	0.00252760062081505	0	0.00116711474314689	0	0.95562449585636	0.299368951117148
BCRF4_10_15607_747_ADH_Str	0.0692354171468374	0.0344112087636957	0.00732803438347715	0.522204815584761	0.363294597280144	0.00352592684108524	0	0	0	0.899546109707995	0.438447672603438
BCRF4_10_15609_747_AM_Str	0.041827614047577	0.00346427172536885	0	0.559421162918397	0.30977787931467	0.00251968125985708	0.0752540695673953	0.00773532116673549	0	0.785693462358128	0.64065303281192
BCRF4_10_15611_748_AM_Str	0.0467738179734644	0.00627961458717638	0	0.752414535033284	0.167067182507072	0.00512257430407417	0.0165640934642633	0.00577818213066562	0	0.81502418160527	0.707581249126373
BCRF4_10_15613_748_DCIS_Str	0.18928123823088	0.130300801565988	0.0296411452313498	0.412714490583706	0.208085876665775	0.00455448873274347	0.0229445705574153	0.00247738843214265	0	0.958744374941728	0.376828320692478
BCRF4_10_15615_748_IBC_Str	0.141812742191275	0.00680317192191008	0.000667835572055411	0.792480583791568	0.0495629317470672	0.00175669960113478	0.00691603517499034	0	0	0.968938717813744	0.392935636160082
BCRF4_10_15619_749_IBC_Str	0.242295633803806	0.0435425653482749	0.0105356684182353	0.606418451441394	0.0944528257572132	0.00275485523107692	0	0	0	0.951962346955849	0.311927632401076
BCRF4_10_15620_749_DCIS_Str	0.284185463614413	0.0244088634001415	0.0166598947638003	0.538340071908897	0.111418535063565	0.00531329556466955	0.0196738756845148	0	0	0.889128183203666	0.459259171582223
BCRF4_10_15621_749_LVI_Str	0.124378316300756	0	0.00522410181196436	0.452350518393707	0.234412779216007	0.00409787675413862	0.179536407523427	0	0	0.85647712873241	0.52131717351441
BCRF4_10_15623_750_NL_Str	0.0417463416163122	0.0186837340972831	0.0389842671167537	0.695140804989953	0.193992172574073	0.0107141415466362	0	0.000738538058988744	0	0.902952962016858	0.488648727041485
BCRF4_10_15625_750_IBC_Str	0.143135492767319	0.0178603307758245	0.0152689687103244	0.730787940741994	0.087341322296209	0.00560594470832836	0	0	0	0.956326976757237	0.369502675682065
BCRF4_10_15627_750_DCIS_Str	0.0645316271004746	0.00941277740661987	0.00156411054493848	0.818344676253537	0.103300477806285	0.00284633088814527	0	0	0	0.967819061658378	0.430170619279339
BCRF4_10_15629_751_NL_Str	0.0958001622448594	0.0146262069141284	0.00673176529504199	0.649676123980825	0.229477331137495	0.00254149819985051	0	0.001146912227799	0	0.91686591108891	0.429404163762999
BCRF4_10_15631_751_IBC_Str	0.158398125220233	0.00251956450073545	0.00219080482205563	0.695762507437509	0.138897341256707	0.00223165676276052	0	0	0	0.95341769859093	0.353181819611009
BCRF4_10_15633_751_ADH_Str	0.0661599615270847	0.00863600959486568	0	0.71944089280255	0.182455615713861	0.00266611099450498	0.0202615531649776	0.00037985620215639	0	0.931654925001619	0.437203161256704
BCRF4_10_15635_751_CCC_Str	0.0927290444859524	0	0.00373696728248924	0.641443651284798	0.254836097870788	0.00368478504533793	0.00258950131341536	0.000979952717219656	0	0.743585170768355	0.741171599529501
BCRF4_10_15637_752_IBC_Str	0.290198430009717	0.0960116776135568	0.0292888620699673	0.534893946811141	0.0380224295361985	0.0115017003815841	8.29535778354623e-05	0	0	0.412106048148585	1.02766019201842
BCRF4_10_15641_752_DCIS_Str	0.0892116611971443	0.00741580133824895	0.0155980137126266	0.559437586370954	0.287263908006091	0.00455770489090953	0.0365153244840262	0	0	0.568458378844824	0.904378890646699
BCRF4_10_15642_752_NL_Str	0.0543109935171083	0.0154742956568092	0.0139210273049656	0.374820676800515	0.257764780537368	0.00870217819717654	0.273843779431256	0.00116226855480177	0	0.274103965651439	1.04578676698972
BCRF4_10_15643_752_BBD_Str	0.0734053840383141	0.00416401401217609	0.009815291928193	0.445182458635086	0.270244215684357	0.00673478256905156	0.184377551208073	0.00607630192474919	0	0.510810079482712	0.901086686018111
BCRF4_10_15645_753_DCIS_Str	0.132582325858762	0.00820216712986878	0.00798726853914499	0.640018015317894	0.181307222108079	0.00223725769188984	0.0276657433543612	0	0	0.980946669054085	0.211016139631167
BCRF4_10_15648_753_NL_Str	0.133367333328158	0.015990924702856	0.0122922711779907	0.565483097176503	0.266407238642137	0.00336961044498059	0	0.00308952452737511	0	0.73991896096329	0.7051278104355
BCRF4_10_15650_754_IBC_Str	0.0792806246723304	0	0.00341474558648312	0.812524352715619	0.0853186032423813	0.00260328974990205	0.0168583840332841	0	0	0.972468025934707	0.408035016574678
BCRF4_10_15652_754_ADH_Str	0.120540874236956	0.0154433424402054	0.00979220884298113	0.626763469872003	0.215081603362939	0.00260019656677511	0.00857681766295148	0.00120148701518967	0	0.973702070364572	0.239486330615743
BCRF4_10_15654_754_EN_1_Str	0.14593823284691	0.0247935694789086	0.0185279650981643	0.5738476686003	0.191959015156995	0.00334526607566359	0.0411440309723921	0.000444251770667097	0	0.926877752948368	0.378114512841693
BCRF4_10_15656_754_DCIS_Str	0.0154670965051005	0.00985913279750946	0.00689953223752397	0.776529612951101	0.154369118377437	0.00405901187625424	0.0324707594213239	0.000345735833749728	0	0.966460316843744	0.389575354436722
BCRF4_10_15658_754_EN_2_Str	0.0579270673601121	0.00782214671556679	0.0106131390873886	0.760386755383555	0.147143676240023	0.00832063514665088	0.00745743610895761	0.000329143957745983	0	0.948878636040682	0.424119389859318
BCRF4_10_15660_755_EN_Str	0.0775839157293956	0	0.00323102864624059	0.444566724049489	0.275375529198173	0.00697951468541091	0.19222307117081	4.02165204816006e-05	0	0.503258121131966	0.908153171818362
BCRF4_10_15662_755_DCIS_inf_1_Str	0.305717770610288	0.218122984379345	0.0828753460130313	0.282895902534868	0.0744407754830851	0.0238702853389919	0.0120769356403908	0	0	0.479315878609123	0.879610434982231
BCRF4_10_15664_755_IBC_Str	0.316931891988655	0.222861633079622	0.0558664172390555	0.225509915140895	0.0665594989531049	0.0870121830620565	0.0252584605366111	0	0	0.318514681638852	0.964301629166751
BCRF4_10_15666_755_DCIS_inf_2_Str	0.121269192259434	0.278296255873499	0.0618518989263035	0.275075966221985	0.202114165879684	0.0351106985657008	0.0262818222733935	0	0	0.456793411572638	0.890862105264138
BCRF4_10_15668_755_NL_Str	0.0556201171188344	0.0152775338289783	0.0186000733863207	0.49569009524284	0.288440170800164	0.0422829996239371	0.0840890099989255	0	0	0.272665291479176	1.12218357797414
BCRF4_10_15670_756_NL_Str	0.308928844469675	0.0477634936834026	0.0195183241818509	0.310463461217685	0.214256668717598	0.0505465146126894	0.0485226931170989	0	0	0.217313337694484	1.0503196086848
BCRF4_10_15672_756_EN_1_Str	0.149555790319528	0.00383333253209319	0.00479473246533739	0.425845872909833	0.383397418573724	0.00798864488882224	0.0244595221829442	0.000124686127718558	0	0.613612304931439	0.805199473148988
BCRF4_10_15674_756_IBC_Str	0.312572197581349	0.138667045855295	0.0235433040224892	0.413617118728479	0.0506528076162229	0.0607801515882298	0.000167374607934505	0	0	0.189981256369743	1.11686759942781
BCRF4_10_15676_756_UDH_1_Str	0.131125956751944	0.0360277559675319	0.0254585976287557	0.641567238878625	0.137900226490161	0.00340113915993838	0.0232848686521088	0.00123421647093598	0	0.851843367702477	0.55981398303669
BCRF4_10_15678_756_EN_2_Str	0.145911760269568	0.0149558604168956	0.0314055352640803	0.528923445489107	0.197334586673415	0.00847943033934445	0.0716216797578335	0.00136770178975615	0	0.868304394899639	0.497496984182947
BCRF4_10_15680_756_UDH_2_Str	0.0960199907338461	0.0125915687947357	0.00398074060912858	0.356938150957882	0.196650767397473	0.00556339950823752	0.326290337792232	0.00196504420646586	0	0.545203131799389	0.845962687480404
BCRF4_10_15682_757_DCIS_Str	0.119527222029776	0.0817752679946039	0.0144191012722234	0.589545341020054	0.131220973414414	0.0387917825749329	0.0247203116939962	0	0	0.409151862417653	1.0681735590528
BCRF4_10_15684_757_IBC_Str	0.148716829639804	0.0520742410207071	0.00830947836554467	0.686123758199563	0.0843556447623923	0.00596460960327752	0.0144554384087113	0	0	0.391768034928813	1.16632524591818
BCRF4_10_15686_757_NL_Str	0.0396851125837597	0.00812255950292591	0.00178488325330184	0.736558676270545	0.198482874838746	0.00552209833907492	0.00705160980362532	0.00279218540802182	0	0.856200534298453	0.620947252252053
BCRF4_10_15688_757_UDH_Str	0.0671969904778082	0.00527344571214262	0	0.546684495087644	0.301089234447078	0.00490677837672841	0.0701241535604758	0.00472490233812202	0	0.618661658814201	0.844874502602728
BCRF4_10_15690_757_CCC_Str	0.0508944805941437	0.00672328111345133	0	0.533127120566358	0.325820678556162	0.00384299597568789	0.0795914431941976	0	0	0.831140754635991	0.563031755738532
BCRF4_10_15692_757_EN_Str	0.0385180966754815	0.000849745517387223	0	0.521776775911433	0.231467303853553	0.0046616713453655	0.200173557934642	0.00255284876213779	0	0.750454161256808	0.675898457284431
BCRF4_10_15694_758_DCIS_1_Str	0.151458984571059	0.0912741485204768	0.0184581958494887	0.569188727776127	0.139842354070182	0.00382693080740231	0.0255485988987035	0.000402059506560342	0	0.895939186036106	0.447205152811348
BCRF4_10_15696_758_IBC_1_Str	0.333913328535272	0.146774515671179	0.0237441745483237	0.373637684502043	0.0854734151541689	0.00408207438397583	0.0323748072050372	0	0	0.390328958208382	0.96164794646187
BCRF4_10_15698_758_NL_Str	0.200601451633	0.0733027797275093	0.00477590968009383	0.580171180416456	0.133826524397112	0.00503467793646706	0.00182602661273208	0.000461449596629681	0	0.674842111764369	0.78977380836569
BCRF4_10_15704_758_EN_Str	0.126438921156299	0.0182909859852247	0	0.70145528743704	0.135773735658963	0.0130263853333941	0.00397872164234937	0.00103596278672937	0	0.939943486904001	0.396902269236135
BCRF4_10_15710_760_UDH_Str	0.139839502477747	0.0487174048751737	0.024254481240115	0.390598987095868	0.211286829340726	0.00499101381933571	0.18029643155288	1.53495981550089e-05	0	0.793825572216428	0.61694725330465
BCRF4_10_15714_760_IBC_Str	0.297682516667998	0.117162733957164	0.0299472524202397	0.426746413166784	0.0577905878684683	0.0595672262725371	0.0111032696468086	0	0	0.417611701485487	0.963940921457838
BCRF4_10_15716_760_EN_1_Str	0.174938572020183	0.0211020041289771	0.0333821255801228	0.392011900821143	0.261795530235164	0.00582477757053003	0.108769392988182	0.0021756966556994	0	0.641077578884625	0.769986629135876
BCRF4_10_15718_760_NL_Str	0.085115019223554	0.0148299420715669	0.00538134194146379	0.614549615058742	0.0968900617858884	0.00297807188877074	0.180255948030015	0	0	0.960228741708003	0.28582119677696
BCRF4_10_15734_762_DCIS_2_Str	0.233128402858961	0.206141376394522	0.0834729184504523	0.316948536574564	0.137048300617512	0.0053903476321947	0.0178701174717933	0	0	0.921316452754789	0.523063344949512
BCRF4_10_15700_758_DCIS_2_Str	0.158728561240876	0.0599359997500818	0.00578102141832784	0.543667008400535	0.200892356424016	0.0053748315260105	0.0229521221836009	0.00266809905655198	0	0.90464369897424	0.427661698093673
BCRF4_10_15702_758_IBC_2_Str	0.149201190124613	0.0405401322136506	0.00604041371650886	0.764926672754241	0.0313711542253959	0.00750865047480994	0.000411786490780774	0	0	0.93248803581952	0.466759516711349
BCRF4_10_15706_759_DCIS_Str	0.194458576064415	0.0811627652063542	0.0162683067630904	0.542852768420643	0.105517632752155	0.00433009996596051	0.053588354071101	0.00182149675628201	0	0.959677798818346	0.29007427374969
BCRF4_10_15708_759_IBC_Str	0.118430422719726	0.0119408665405902	0.00273759499151473	0.721391798511404	0.0580317765886281	0.00296931566217743	0.0844982249859594	0	0	0.963024833763988	0.339386442382723
BCRF4_10_15712_760_EN_2_Str	0.145177156925503	0.0249999362917537	0.0201508969277682	0.325362046972078	0.23770639189095	0.00823655085299395	0.23772436171702	0.000642658421933245	0	0.562502211232193	0.828195888637476
BCRF4_10_15720_761_IBC_Str	0.31608892756547	0.138460039609361	0.0280067654811707	0.478908072459617	0.0266846249230587	0.0118515699613224	0	0	0	0.831279990469932	0.557020206296916
BCRF4_10_15722_761_DCIS_Str	0.243392453348579	0.123305315526804	0.0349196792028336	0.490612996935332	0.099189416397148	0.00505468153506012	0.00229873554212459	0.0012267215121192	0	0.86111748742113	0.510944321307196
BCRF4_10_15724_761_EN_1_Str	0.0902282613539987	0.0118520494286274	0.00682463586068941	0.519643552024178	0.315885093140049	0.00702424465990361	0.0461582748302186	0.00238388870233541	0	0.514230891438935	0.936275091463779
BCRF4_10_15726_761_ADH_Str	0.106073143165266	0	0	0.59418018567288	0.212366102311917	0.00291304362838104	0.0833221302113591	0.00114539501019651	0	0.772378914669465	0.671654260824286
BCRF4_10_15730_762_IBC_Str	0.251012357571833	0.0461043788900081	0.0132242191606588	0.535159874595109	0.128562609258831	0.00450303493871037	0.021433525584849	0	0	0.937548520349902	0.352435367366617
BCRF4_10_15732_762_DCIS_1_Str	0.190282733334196	0.0917141542572711	0.0284618712023597	0.527343165242759	0.134893810524881	0.00463267290002698	0.0219291357730253	0.000742456765480584	0	0.946936732210268	0.331366001977017
BCRF4_10_15736_763_IBC_Str	0.279618516046408	0.143847889505018	0.0577679373804798	0.20563586904274	0.0939924034095805	0.0124849200934435	0.20665246452233	0	0	0.424841434620228	0.90549977583341
BCRF4_10_15738_763_ADH_Str	0.204130393974209	0.0598731114606149	0.0601291335595638	0.228502346056465	0.202954839235765	0.00784535898054034	0.236192332592916	0.00037248413992618	0	0.380485618442985	0.930242143000011
BCRF4_10_15740_763_NL_1_Str	0.103652242659334	0.00481641959448412	0.027545667611516	0.402371748266557	0.153325448969783	0.00958732656836514	0.296932500754377	0.00176864557558397	0	0.591703349877007	0.815314182002361
BCRF4_10_15742_763_EN_Str	0.235217492232717	0.0632958367769332	0.0406581344734291	0.341331915913031	0.170309359845424	0.00708719718493165	0.138583250502011	0.00351681307152271	0	0.452882028108895	0.907485072977629
BCRF4_10_15746_764_IBC_Str	0.237987016203627	0.137346845573563	0.0192415243051468	0.413450720262983	0.133147757565191	0.0513005610896672	0.00752557499982261	0	0	0.62394183904881	0.786938467145652
BCRF4_10_15748_764_DCIS_1_Str	0.234487209565289	0.135830759604844	0.0198421029795658	0.466670312394577	0.126279719808932	0.0168898956467923	0	0	0	0.465621882023834	0.941214960908832
BCRF4_10_15750_764_LVI_Str	0.191728358094552	0.0798085648782396	0.0270541169032994	0.43176938224176	0.208153547657963	0.0221046782449539	0.0393813519792333	0	0	0.556018756916033	0.852413598172425
BCRF4_10_15752_764_DCIS_2_Str	0.227400261204013	0.126692074763146	0.0245795088558141	0.440621239140748	0.164377235236414	0.0163296807998656	0	0	0	0.784432280047662	0.621610258546929
BCRF4_10_15754_764_EN_Str	0.109837832831264	0.00232362622731583	0.0111001226325014	0.470329489057041	0.327327135723652	0.00363291473524017	0.0739452225257018	0.00150365626728391	0	0.49128977231577	0.931655727347228
BCRF4_10_15756_764_NL_Str	0.0828980205418978	0.0177731689733396	0.0155400441343293	0.353066957515304	0.417968891274097	0.00568810954961539	0.106910527073929	0.00015428093748798	0	0.587181125929415	0.81426612740307
BCRF4_10_15758_765_IBC_Str	0.0574206559193101	0	0.0064809640628373	0.82675282085428	0.0422549400020937	0.00273450098423921	0.0643561181772395	0	0	0.951930537353717	0.484523400820826
BCRF4_10_15760_765_DCIS_Str	0.196064670892601	0.0568260991001408	0.025470422996054	0.568575357294632	0.12223314944606	0.00334480284957974	0.0274854974209313	0	0	0.874270173583495	0.490710771005678
BCRF4_10_15762_765_EN_1_Str	0.135723989864277	0.011469908721649	0.00925815992569059	0.559605853557373	0.239210458907885	0.00394331798706935	0.0406818210433592	0.000106489992697206	0	0.757308581528548	0.678356815906257
BCRF4_10_15766_765_NL_Str	0.151386084430642	0.0503289776226115	0.0131823073309981	0.493917452276538	0.261383298284636	0.00481768119395878	0.0229843121766444	0.00199988668397188	0	0.552391952511775	0.882473869803792
BCRF4_10_15768_766_NL_Str	0.115345802427842	0.0296274932795194	0.0323631574125769	0.45820261394635	0.32200644932134	0.0047527762971914	0.0377017073151798	0	0	0.426368021401372	0.978247360947564
BCRF4_10_15770_766_inf_NL_Str	0.225693689634189	0.247472440626434	0.126015252553922	0.226793866573708	0.142499677468134	0.0074373906693217	0.023701708070675	0.000385974403615756	0	0.482517251603964	0.876210586384732
BCRF4_10_15772_766_IBC_Str	0.307051112209023	0.102301336879097	0.0279721442689733	0.472286883893872	0.0571495625005604	0.033238960248475	0	0	0	0.417305158974683	0.986710557605767
BCRF4_10_15774_766_AM_Str	0.0811211970833894	0.012366651674347	0	0.348329829408258	0.397097625254016	0.00531966594023769	0.154510355025028	0.00125467561472368	0	0.506283969411249	0.877273121864827
BCRF4_10_15776_766_EN_Str	0.123912980602755	0.0333643684387271	0.0323813681706522	0.317123476210483	0.427002170083799	0.00874848870364319	0.0570137484635406	0.000453399326398891	0	0.433168231687102	0.921767172128975
BCRF4_10_15778_767_IBC_Str	0.0664227015500073	0.0211334351174755	0.00819138034867333	0.826641338799217	0.0710105485912606	0.0066005955933664	0	0	0	0.82919086151964	0.746496873647537
BCRF4_10_15780_767_DCIS_Str	0.137503702866609	0.0528669505740924	0.0115249326325386	0.652417889146732	0.119025674161117	0.0266608506189105	0	0	0	0.767157311674957	0.705720172950915
BCRF4_10_15782_767_AM_2_Str	0.108968611524469	0.0822987999423132	0.0217186128137709	0.518103689719069	0.248991280272287	0.00321664347759928	0.0137929158260162	0.00290944642447486	0	0.705901943337983	0.72765564596529
BCRF4_10_15784_767_ADH_Str	0.0530043103647132	0.0294710414365784	0.00118156100437712	0.612513379931646	0.282859348841831	0.00403803068012451	0.0162785094026304	0.000653818338098845	0	0.68983846644078	0.796425373142825
BCRF4_10_15788_767_NL_Str	0.106824243307101	0.0540533861764197	0.025895979906551	0.468369118064163	0.327742340692964	0.00399239415814807	0.00924751519864706	0.00387502249600617	0	0.585578456375116	0.841852642079211
BCRF4_10_15790_768_IBC_Str	0.334407769804849	0.139225414226576	0.0519552859358043	0.426108877272216	0.0431342897337946	0.0051683630267607	0	0	0	0.888064542837259	0.484511693743601
BCRF4_10_15792_768_NL_Str	0.100287048471607	0.00954129693503781	0.00438758293713471	0.508810133356135	0.32089011643255	0.00750082783826576	0.0485829940292697	0	0	0.334623819960412	1.08626101649308
BCRF4_10_15796_768_EN_2_Str	0.0491685581653454	0	0	0.596036084736094	0.329845626655374	0.00334441662855935	0.0176750437549789	0.00393027005964824	0	0.657864764399982	0.829855022898123
BCRF4_10_15798_768_EN_3_Str	0.122907179505319	0	0	0.599009212552856	0.187623566717254	0.0044824365842671	0.0859776046403041	0	0	0.792936192027133	0.642195743538876
BCRF4_10_15800_769_IBC_Str	0.266131024064526	0.105563047132393	0.0390537122940343	0.539287957865886	0.0431709052076355	0.00679335343552608	0	0	0	0.916387922677936	0.402561044296005
BCRF4_10_15802_769_DCIS_1_Str	0.153193541283351	0.173629361354054	0.0984476896861021	0.325995599219119	0.234025678110912	0.0147081303464612	0	0	0	0.399407078964703	0.935589617072382
BCRF4_10_15806_769_EN_1_Str	0.0951088451419447	0.00583165775023006	0.00537607140639548	0.701555756310792	0.149793990161421	0.00485754905806062	0.0349718308474708	0.00250429932368558	0	0.901668618370342	0.495726502007916
BCRF4_10_15810_769_NL_Str	0.163559168678557	0.0247576302197658	0.0302817370686472	0.406111499410336	0.260646955340681	0.00694578912176997	0.107697220160243	0	0	0.250754020246905	1.07545071376575
BCRF4_10_15812_769_EN_4_Str	0.120790112500773	0.00164781548069009	0.00111342004858272	0.555364809725915	0.263378544233046	0.00401131088934142	0.0508839151583637	0.00281007196328757	0	0.500871350189523	0.968924551556128
BCRF4_10_15818_769_AM_Str	0.045612658678282	0.00920751885918706	0.00422473892147221	0.266456304016785	0.368657301834302	0.00745838880391344	0.297071126518911	0.00131196236714729	0	0.338603989307188	0.967862244358915
BCRF4_10_15786_767_AM_1_Str	0.0584193328782293	0.0169443365850798	0.00606604689345064	0.549028926771004	0.298923204828516	0.00458066043372548	0.0642411812092935	0.00179631040070138	0	0.830302739693311	0.56718777782016
BCRF4_10_15794_768_EN_1_Str	0.16017170856101	0.052816495014942	0.0217567097130873	0.522068422522092	0.217832861599527	0.00656257843428664	0.0187912241550543	0	0	0.630700871699464	0.814381058680803
BCRF4_10_15804_769_DCIS_2_Str	0.24065024359451	0.201692555433139	0.102404210248665	0.293907761224694	0.146486331411773	0.0059176608819847	0.00818713510112705	0.0007541021041076	0	0.600731971645597	0.801428666429298
BCRF4_10_15808_769_EN_3_Str	0.143871558014767	0	0.0108507390008719	0.531823876089458	0.203001393022989	0.00396106087927695	0.106491372992637	0	0	0.487708559291881	0.96390011864898
BCRF4_10_15816_769_EN_6_Str	0.0926744879959897	0	0	0.475610704670379	0.292649465847414	0.00271219565640062	0.135025280192563	0.0013278656372526	0	0.668320071232907	0.760906724274425
BCRF4_10_15820_770_DCIS_Str	0.259037672515519	0.116256520304924	0.0675162939046292	0.352867292203503	0.164289732231665	0.00414151559582213	0.035890973243938	0	0	0.492587517897009	0.881613277956177
BCRF4_10_15822_770_IBC_Str	0.219278421325298	0.0351027034150396	0.00353269155728296	0.619395494525024	0.0903985445372268	0.00372970856808961	0.0285624360720392	0	0	0.804356948940122	0.631047252970323
BCRF4_10_15824_770_EN_1_Str	0.0943652027556799	0.00258229719843022	0.0139068034514036	0.54642092572459	0.288851125868844	0.00483938233295231	0.0458852490881529	0.00314901357994738	0	0.483598370421682	0.980395494280445
BCRF4_10_15826_770_NL_Str	0.104159501001277	0.019987538005856	0	0.487524773197168	0.305936631236243	0.00901395190130542	0.0733776046581508	0	0	0.123326148761192	1.22490106035162
BCRF4_10_15830_771_EN_4_Str	0.0586097313093667	0	0	0.73913369047165	0.191339218046926	0.00319086546624755	0.00537124764467942	0.00235524706113017	0	0.896100067735567	0.540680298782934
BCRF4_10_15836_771_DCIS_3_Str	0.238501727590861	0.106954883553809	0.0643095366913706	0.366297417041179	0.197306795467622	0.00487727975022984	0.0214110431053354	0.000341316799593285	0	0.880958267947518	0.525680300388387
BCRF4_10_15832_771_NL_Str	0.106063104342182	0.00653536459737115	0	0.473514523898223	0.345686075484864	0.00605813130319797	0.0621428003741612	0	0	0.469950036615589	0.953145761427605
BCRF4_10_15834_771_EN_2_Str	0.198752880969843	0.0292798638946612	0.00893876162715652	0.522887501543339	0.195793392562192	0.00370939268510254	0.0406382067177057	0	0	0.544890404235309	0.903421942810761
BCRF4_10_15840_771_DCIS_1_Str	0.172726027522667	0.0487363126701001	0.0160728168247674	0.592952692337718	0.165304006950953	0.00332348344243886	0.000884660251355866	0	0	0.948400554524285	0.320828455017548
BCRF4_10_15844_771_IBC_Str	0.321318772512563	0.0452597016490338	0.0155824400262627	0.538131689196497	0.0732461593972695	0.00464149262725486	0.00124148157187783	0.00057826301924095	0	0.895779908126075	0.445985649906625
BCRF4_10_15728_761_EN_2_Str	0.0602193719693919	0.00122615816641442	0	0.424170962786695	0.165486052509528	0.00449674021700787	0.342333572819223	0.00206714153174011	0	0.713903372450275	0.701408875139485
BCRF4_10_15744_763_NL_2_Str	0.229888987837459	0.0839467083567555	0.0471336591220768	0.308695940764674	0.268133454133183	0.0257482038554499	0.0364530459304018	0	0	0.277934942584243	1.00931495226548
BCRF4_10_15764_765_EN_2_Str	0.244113002009636	0.037801880721134	0.0143052287915432	0.424869321579152	0.268115466850303	0.0054330228896219	0.00405128631606232	0.0013107908425478	0	0.601986260163405	0.812859512518076
BCRF4_10_15814_769_EN_5_Str	0.0850179730272356	0	0	0.595821055448354	0.270948300845001	0.00331764104034131	0.0404101063776059	0.00448492326146197	0	0.571301330707531	0.92461968191522
BCRF4_10_15828_771_EN_3_Str	0.112161036866308	0.00333586455966458	0.000983849572960541	0.461439650151738	0.184453032758464	0.00455394706129193	0.232669450787789	0.000403168241784249	0	0.784768592700632	0.62023461362428
BCRF4_10_15838_771_EN_1_Str	0.0998195565756615	0.00390095649769095	0.00365531414575213	0.718668675780345	0.100101316893433	0.0029206315966131	0.0682069082680026	0.00272664024250192	0	0.978096010903475	0.282196395675696
BCRF4_10_15842_771_DCIS_2_Str	0.264015979558454	0.14683177266359	0.0327437622335408	0.42671234435903	0.124177750733637	0.00381247192145192	0.00170591853029482	0	0	0.688215047813391	0.727060817044561
BCRF4_10_15846_772_IBC_Str	0.110980399383534	0.0330216708734105	0.000832921529441152	0.673945855838577	0.152536072670121	0.00381347701559124	0.0248696026893256	0	0	0.604583377239463	0.936997018693544
BCRF4_10_15848_772_DCIS_1_Str	0.0814103338280264	0.0425495701728227	0.018851895958559	0.479556269462376	0.312502021403514	0.00487359528963756	0.060110584825855	0.000145729059209294	0	0.34527676057667	1.05512902895695
BCRF4_10_15850_772_DCIS_2_Str	0.11427778031099	0.043383316549636	0.0176069090652608	0.442288435824201	0.314444577187858	0.00415579178353257	0.0629036750672178	0.000939514211303307	0	0.384063700774391	1.00259809223512
BCRF4_10_15852_772_EN_1_Str	0.0656353710554628	0.0212886840874729	0.00743185594818174	0.539954149303831	0.32000250343435	0.00346916711045845	0.0400685828376692	0.00214968622257419	0	0.628171403519289	0.831031839312272
BCRF4_10_15854_772_EN_2_Str	0.0720867212303713	0.0345776491205932	0.0174298683447982	0.515629607581167	0.258023977563462	0.00465177952378437	0.0976003966358243	0	0	0.317744073792167	1.09931416994921
BCRF4_10_15856_772_EN_3_Str	0.0838410541227351	0.0107375629243524	0.0144526590333038	0.535052974075434	0.238286401493533	0.0359911649456101	0.0816381834050313	0	0	0.464710353889944	0.987410834069543
BCRF4_10_15858_772_EN_4_Str	0.0924946352986728	0	0.0208400001373299	0.444702973168599	0.255031063808214	0.00715840176412143	0.176902657349596	0.00287026847346676	0	0.813303463250678	0.583414262972888
BCRF4_10_15860_772_NL_Str	0.0483447341082858	0.00727676932270242	0.0166971924703724	0.592676175250643	0.274665938858373	0.00450844625191488	0.0542158338561523	0.00161490988155674	0	0.484303649279312	1.01137997230411
